1[3,6,5]80
6[2,5,1]80
2[5,4,3]80
4[3,6,1]80
3[1,6,5]80
1[2,6,4]80
3[5,6,2]80
6[5,3,4]80
2[1,6,3]80
2[3,6,4]80
2[3,6,5]80
5[4,2,6]80
6[3,4,1]80
4[2,6,3]80
6[1,2,3]80
5[6,1,4]80
1[6,5,2]80
3[2,1,5]80
4[3,6,2]80
2[6,4,5]80
1[2,5,3]80
4[5,1,2]80
3[1,2,5]80
3[5,4,1]80
4[1,2,5]80
4[3,1,5]80
2[1,5,6]80
4[6,5,2]80
1[6,4,2]80
4[1,6,2]80
3[2,6,1]80
3[5,1,4]80
2[3,5,6]80
1[3,4,5]80
5[1,6,2]80
5[3,1,6]80
1[3,2,6]80
5[6,1,4]80
5[1,3,6]80
4[2,5,3]80
4[6,2,3]80
2[3,1,4]80
2[5,6,4]80
6[5,1,4]80
5[2,4,6]80
1[4,6,5]80
5[4,3,1]80
6[1,2,3]80
3[2,1,4]80
5[6,1,4]80
3[2,5,6]80
2[3,4,6]80
4[1,3,6]80
3[5,1,4]80
1[3,4,2]80
4[5,2,1]80
6[5,2,4]80
3[5,6,2]80
3[2,1,4]80
1[4,3,6]80
3[4,1,6]80
1[5,4,3]80
2[5,6,1]80
5[3,4,1]80
1[6,4,2]80
5[2,6,1]80
5[4,2,6]80
4[5,2,6]80
2[6,3,5]80
2[3,6,1]80
3[1,2,5]80
5[2,6,3]80
2[6,1,3]80
3[5,2,6]80
5[6,1,3]80
3[5,2,4]80
2[5,4,1]80
3[4,2,6]80
1[5,2,4]80
2[4,1,3]80
6[1,4,5]80
6[5,2,3]80
2[6,4,1]80
3[4,1,6]80
6[3,2,5]80
2[6,1,5]80
1[2,6,4]80
3[2,1,6]80
2[1,5,3]80
3[1,6,4]80
3[4,6,1]80
5[1,2,3]80
6[3,1,5]80
2[6,4,5]80
5[4,1,3]80
3[5,2,1]80
2[6,4,3]80
4[5,6,2]80
2[3,6,4]80
5[2,6,1]80
