3[14,6,7,9,12]40
3[1,4,12,9,11]40
5[11,14,6,13,7]40
2[12,3,5,10,13]40
2[5,12,1,10,8]40
3[8,14,7,6,2]40
3[2,5,13,7,4]40
4[9,1,10,5,6]40
6[2,3,1,11,5]40
2[12,1,7,14,4]40
4[2,3,9,8,11]40
1[12,11,6,7,14]40
6[7,13,11,5,9]40
3[6,10,8,13,4]40
3[13,7,5,8,6]40
1[6,2,11,7,14]40
6[11,8,5,4,10]40
6[4,11,7,3,5]40
6[11,3,10,12,9]40
2[1,10,12,4,11]40
2[4,12,8,9,14]40
3[14,4,5,8,12]40
6[2,12,13,1,4]40
2[12,9,13,8,7]40
2[7,11,14,8,10]40
6[8,11,3,13,7]40
2[4,13,14,3,9]40
5[9,14,11,1,10]40
5[3,13,8,1,6]40
1[4,10,14,7,11]40
5[6,12,1,11,4]40
4[6,2,10,7,14]40
3[14,5,1,11,8]40
2[14,6,13,4,11]40
3[9,10,6,2,11]40
4[7,9,12,13,2]40
3[14,4,5,1,6]40
5[3,2,9,12,7]40
1[6,14,2,11,5]40
4[14,7,6,2,13]40
1[5,12,8,9,11]40
2[1,10,8,5,4]40
2[5,1,10,11,12]40
1[8,12,9,14,5]40
3[11,2,6,12,7]40
6[5,4,10,14,3]40
2[3,1,5,8,12]40
3[5,9,14,11,8]40
3[14,5,11,2,12]40
6[9,10,3,5,4]40
1[13,3,4,14,9]40
6[10,8,2,9,7]40
1[6,10,12,5,14]40
6[2,1,5,11,4]40
3[7,8,5,6,1]40
2[14,4,1,5,12]40
1[11,2,10,9,4]40
3[7,14,11,12,10]40
4[10,11,7,14,13]40
1[9,7,8,12,11]40
5[1,12,13,3,4]40
1[2,14,6,5,3]40
5[1,6,3,10,13]40
1[6,8,14,3,4]40
6[7,8,1,5,11]40
4[8,10,6,5,13]40
1[13,6,10,2,8]40
2[4,10,13,12,7]40
6[7,1,12,3,4]40
1[12,13,8,14,9]40
3[12,14,4,2,13]40
1[4,9,7,10,2]40
4[10,3,8,7,9]40
2[4,8,13,9,5]40
3[12,7,8,14,13]40
6[8,12,7,9,3]40
5[13,2,12,4,3]40
3[12,13,10,2,6]40
6[5,11,12,8,4]40
5[3,6,13,7,2]40
6[10,12,8,13,3]40
3[4,8,13,7,14]40
5[2,8,10,1,12]40
5[2,1,8,10,12]40
6[7,2,14,8,12]40
4[7,2,9,8,12]40
3[7,10,6,9,11]40
2[8,11,1,7,10]40
6[14,3,1,12,11]40
3[9,2,13,7,1]40
5[4,10,12,8,13]40
1[10,13,14,8,3]40
3[4,13,5,9,11]40
3[7,12,13,10,2]40
5[14,12,10,4,6]40
3[12,6,4,7,1]40
2[9,14,1,12,3]40
6[2,3,8,1,7]40
1[12,4,14,3,2]40
6[12,4,5,3,11]40
