2[3,11,6,7,10]160
2[11,13,1,8,4]160
6[4,11,3,5,1]160
5[13,11,8,14,1]160
5[3,13,4,1,12]160
2[11,4,12,13,5]160
3[8,1,9,6,4]160
6[13,8,10,3,11]160
5[10,13,14,6,3]160
5[8,2,6,7,13]160
2[10,9,7,8,1]160
3[2,4,1,11,9]160
4[7,14,8,1,2]160
5[11,1,13,10,12]160
4[10,1,7,12,3]160
2[9,12,11,5,14]160
3[13,8,14,10,12]160
6[3,2,13,4,7]160
6[9,11,14,3,10]160
1[12,5,11,9,6]160
5[3,8,1,14,10]160
4[3,12,14,1,9]160
5[1,4,11,10,12]160
6[14,1,3,7,4]160
1[6,2,5,11,14]160
4[13,10,12,8,14]160
2[10,11,9,3,8]160
1[6,11,8,13,5]160
1[9,12,13,5,2]160
1[3,14,10,6,4]160
3[4,14,12,1,13]160
3[7,5,9,6,8]160
4[5,9,3,1,14]160
4[9,12,13,7,3]160
5[3,2,10,11,12]160
3[10,8,14,7,13]160
4[2,7,14,11,13]160
1[14,10,9,5,4]160
3[13,4,2,10,9]160
2[7,6,4,11,14]160
2[8,11,14,3,6]160
2[8,5,14,9,13]160
1[6,4,14,8,3]160
1[4,10,14,5,13]160
2[7,10,13,8,12]160
3[2,7,13,14,8]160
2[10,1,14,9,11]160
4[12,5,14,1,2]160
6[14,1,12,13,11]160
1[7,13,3,9,4]160
4[5,13,9,2,1]160
2[10,6,4,9,13]160
3[5,9,6,13,14]160
5[14,3,10,11,4]160
3[9,13,12,6,4]160
3[1,10,2,7,11]160
4[8,2,7,3,10]160
5[14,1,4,11,7]160
4[2,8,3,7,10]160
2[9,10,4,7,13]160
4[3,12,1,10,5]160
5[10,2,3,1,14]160
3[10,9,4,2,1]160
5[6,13,12,1,9]160
3[5,10,12,7,14]160
6[10,1,4,12,9]160
3[12,11,6,7,9]160
6[11,14,8,4,9]160
4[11,2,12,9,3]160
4[8,1,9,13,5]160
4[7,6,8,2,10]160
3[12,9,5,10,1]160
6[12,10,3,9,7]160
5[14,3,2,6,13]160
1[11,12,6,5,13]160
5[3,10,9,14,13]160
1[13,12,2,14,11]160
3[13,4,10,2,8]160
1[13,12,9,6,14]160
3[14,5,9,10,13]160
3[12,6,5,7,11]160
4[7,6,8,11,9]160
5[6,1,7,3,10]160
3[13,4,6,2,8]160
1[3,6,7,13,11]160
4[6,2,12,11,5]160
2[6,12,7,11,1]160
4[1,9,8,5,2]160
3[9,7,8,13,6]160
3[14,8,11,6,5]160
1[13,7,14,2,6]160
2[7,14,6,13,1]160
6[11,5,3,7,12]160
4[14,7,5,10,6]160
1[13,10,6,9,12]160
3[14,12,13,6,8]160
1[10,9,14,11,13]160
1[3,12,9,8,11]160
2[3,1,8,5,10]160
4[8,9,11,14,12]160
