2[6,4,5,3,11]160
2[11,9,7,10,3]160
6[1,11,7,4,8]160
5[9,8,11,4,6]160
5[7,10,6,4,9]160
2[5,11,9,7,10]160
3[5,6,10,4,9]160
6[10,8,5,7,1]160
5[4,2,8,11,10]160
5[1,7,9,2,4]160
2[11,6,7,10,5]160
3[11,9,7,10,2]160
4[6,11,3,8,1]160
5[9,1,10,3,4]160
4[2,9,6,8,3]160
2[11,5,3,6,7]160
3[1,9,5,10,6]160
6[10,5,4,7,3]160
6[7,11,9,1,5]160
1[3,9,5,10,2]160
5[1,11,7,10,9]160
4[1,6,3,2,11]160
5[11,3,4,7,1]160
6[7,4,1,3,5]160
1[7,9,6,5,4]160
4[3,8,11,9,5]160
2[5,11,4,9,10]160
1[8,11,7,2,6]160
1[5,9,3,11,2]160
1[5,8,9,4,3]160
3[1,11,5,7,10]160
3[5,1,4,11,8]160
4[8,1,2,10,6]160
4[3,9,2,7,6]160
5[3,2,10,8,1]160
3[4,6,9,2,7]160
4[10,6,2,5,7]160
1[6,4,3,8,11]160
3[11,7,2,8,10]160
2[11,6,3,4,7]160
2[3,8,11,1,4]160
2[10,1,9,6,11]160
1[9,7,3,8,10]160
1[10,9,3,7,11]160
2[10,6,3,5,4]160
3[5,2,9,8,10]160
2[6,9,1,10,3]160
4[8,5,2,1,3]160
6[3,1,9,10,11]160
1[11,6,10,2,8]160
4[11,9,5,6,7]160
2[9,6,11,3,8]160
3[6,5,4,7,11]160
5[6,3,1,10,7]160
3[4,10,8,6,11]160
3[11,6,1,9,5]160
4[2,3,8,10,9]160
5[3,1,4,9,2]160
4[5,3,6,2,7]160
2[1,7,11,8,9]160
4[9,8,3,2,5]160
5[2,7,1,4,11]160
3[8,10,9,4,1]160
5[8,6,4,1,7]160
3[6,10,2,11,9]160
6[3,5,9,4,11]160
3[9,5,10,2,11]160
6[8,7,1,11,10]160
4[6,7,1,11,9]160
4[2,1,9,3,7]160
4[2,7,8,10,9]160
3[1,7,6,11,2]160
6[4,11,5,9,2]160
5[4,11,1,10,6]160
1[4,6,9,3,5]160
5[2,7,1,10,6]160
1[7,10,5,11,4]160
3[10,4,8,6,2]160
1[10,6,7,3,5]160
3[8,5,10,11,4]160
3[4,7,6,10,1]160
4[7,2,6,8,10]160
5[1,6,10,11,8]160
3[6,4,1,8,2]160
1[7,2,5,8,9]160
4[8,10,11,9,3]160
2[6,5,10,11,7]160
4[3,9,7,11,1]160
3[2,11,9,4,8]160
3[9,8,5,10,6]160
1[6,11,3,4,2]160
2[8,7,9,10,1]160
6[5,7,9,4,1]160
4[3,8,7,11,6]160
1[5,11,3,4,6]160
3[2,10,5,6,11]160
1[8,6,5,7,4]160
1[10,5,3,2,4]160
2[8,5,7,4,10]160
4[2,9,11,5,8]160
