6[2,3,5]160
5[2,1,6]160
6[1,2,3]160
4[1,2,5]160
2[1,4,5]160
2[4,3,6]160
1[5,6,4]160
6[3,5,4]160
2[1,3,4]160
5[3,4,2]160
6[2,3,5]160
5[2,6,3]160
5[4,2,6]160
4[6,2,1]160
6[2,4,3]160
4[6,1,3]160
6[1,4,3]160
2[3,5,4]160
6[5,4,3]160
4[2,1,6]160
3[5,1,2]160
6[2,3,5]160
3[5,4,6]160
2[5,1,6]160
6[1,5,4]160
2[4,3,1]160
5[2,4,3]160
3[6,1,2]160
2[1,5,6]160
6[5,3,4]160
5[6,4,3]160
6[4,3,1]160
2[1,3,5]160
2[3,4,6]160
2[4,6,1]160
1[3,5,2]160
1[2,6,4]160
4[2,6,3]160
6[4,2,5]160
3[6,4,5]160
3[2,1,4]160
3[4,2,6]160
5[2,3,4]160
4[1,6,5]160
4[5,1,2]160
6[3,1,4]160
4[1,3,2]160
6[1,3,4]160
5[2,6,1]160
1[2,4,6]160
2[5,3,4]160
4[2,3,6]160
3[4,1,2]160
3[1,4,2]160
5[2,4,3]160
5[3,4,1]160
5[6,3,2]160
4[1,5,3]160
1[5,4,3]160
6[4,3,2]160
3[4,6,1]160
2[3,6,1]160
2[4,3,5]160
2[1,4,3]160
5[6,1,3]160
1[4,6,3]160
1[5,2,6]160
4[2,5,6]160
6[4,3,2]160
1[6,3,2]160
5[6,1,3]160
1[4,5,3]160
3[6,2,1]160
2[6,1,3]160
1[3,6,4]160
3[6,5,4]160
5[3,1,2]160
6[3,1,2]160
4[5,2,3]160
4[2,5,3]160
2[6,4,5]160
1[3,5,4]160
3[4,1,2]160
3[4,6,1]160
4[5,2,3]160
5[3,6,4]160
2[3,1,5]160
6[1,2,3]160
2[1,5,4]160
3[2,1,4]160
3[4,5,6]160
2[6,3,5]160
1[5,4,6]160
1[4,5,2]160
5[3,6,1]160
4[3,1,2]160
1[6,3,2]160
2[5,4,3]160
4[1,3,6]160
3[6,4,5]160
