6[11,24,3,22,10]160
3[2,7,18,14,9]160
1[14,10,8,13,11]40
4[16,24,17,5,21]160
6[13,24,10,21,16]80
4[2,16,6,20,21]120
2[23,4,11,8,17]80
6[17,9,7,22,1]40
2[8,22,11,16,3]80
3[1,18,22,11,19]80
5[3,16,2,15,23]120
3[10,7,13,19,11]160
3[14,13,7,5,4]120
3[6,18,9,24,5]120
4[2,15,11,24,22]160
4[21,14,8,6,11]120
5[7,3,13,18,14]120
4[22,12,3,15,13]160
5[12,19,8,15,1]120
1[6,4,9,11,7]160
6[9,19,13,18,22]120
1[24,11,9,2,17]80
6[13,12,2,24,17]160
1[20,24,13,11,6]120
3[9,24,19,6,17]160
1[6,23,3,16,4]120
1[24,2,3,13,4]40
4[22,10,16,24,5]160
6[5,24,20,8,4]160
2[4,17,23,22,24]80
4[6,5,14,19,23]40
6[2,7,13,10,15]160
3[17,5,20,10,6]120
4[1,21,22,5,6]40
1[13,14,5,12,22]80
4[1,17,12,9,5]40
5[4,10,15,22,17]120
2[23,18,11,21,12]120
4[17,20,18,24,15]160
3[10,14,9,23,1]160
5[17,8,16,12,10]80
4[10,20,1,8,21]120
4[9,12,24,22,19]160
5[18,11,24,19,4]80
4[16,8,22,24,6]120
2[24,7,13,21,5]160
1[2,15,7,4,9]80
5[18,22,12,19,4]80
3[17,2,10,21,16]160
3[16,17,13,18,6]80
1[16,2,21,19,23]80
2[1,13,24,4,12]40
4[15,16,17,19,23]40
1[18,19,15,10,3]160
3[11,1,10,20,12]160
5[15,20,18,12,17]120
1[14,3,17,10,18]160
1[10,6,13,11,22]120
1[23,15,24,6,2]120
4[7,10,16,24,20]40
5[23,12,24,9,10]160
4[13,12,11,22,15]120
3[2,10,21,22,14]120
1[20,10,3,6,18]120
2[6,21,24,23,8]120
4[11,3,18,17,16]40
2[10,21,12,9,7]80
2[18,1,21,14,15]160
2[10,13,12,20,16]40
2[9,19,5,18,15]40
6[4,20,16,13,23]160
6[17,21,5,14,24]120
2[16,8,9,24,17]40
1[23,15,18,16,13]160
5[11,7,14,19,24]40
3[2,6,24,1,18]160
5[1,7,13,14,21]40
5[1,15,14,4,10]160
1[12,2,3,23,4]120
5[18,24,1,15,20]120
1[20,11,8,18,9]40
5[17,4,6,16,12]80
5[14,2,13,22,9]160
4[23,14,22,21,9]160
2[11,23,12,9,6]160
5[20,17,10,9,19]160
2[14,24,18,19,12]80
6[4,15,20,18,8]160
2[8,15,24,4,12]120
1[13,14,22,3,15]160
3[8,23,14,4,24]40
6[19,22,14,17,16]120
6[13,18,21,11,1]80
4[18,15,3,21,2]160
2[10,6,8,12,5]160
3[18,2,22,17,1]80
2[21,7,8,22,4]160
3[12,9,7,2,19]160
1[7,15,22,6,24]160
3[9,12,24,17,23]80
