2[10,6,4,9,7]120
5[2,3,9,1,8]120
3[5,7,4,1,11]120
6[5,8,4,3,2]120
6[10,7,4,2,1]120
2[1,4,10,8,11]120
2[9,3,11,4,7]120
1[8,9,3,7,5]120
6[9,1,5,4,3]120
6[10,5,11,8,2]120
3[1,8,11,2,4]120
3[4,1,9,7,5]120
4[7,9,5,2,11]120
4[5,10,8,2,7]120
1[4,9,6,11,2]120
6[7,10,8,5,1]120
6[7,9,5,11,3]120
2[5,3,11,1,6]120
6[9,11,1,10,5]120
3[7,10,4,9,5]120
5[10,2,11,3,7]120
5[11,7,2,1,8]120
3[2,6,10,4,5]120
6[4,5,3,10,7]120
4[6,10,7,5,8]120
2[4,8,6,10,1]120
4[6,10,5,11,2]120
1[4,8,2,6,5]120
1[7,5,9,6,11]120
6[10,4,1,2,7]120
4[2,3,11,1,9]120
1[9,4,5,3,11]120
4[1,7,5,6,9]120
1[3,5,6,8,2]120
2[9,10,1,4,7]120
6[3,5,1,2,8]120
4[9,5,7,8,2]120
2[6,9,4,8,10]120
3[11,4,8,5,1]120
3[4,1,5,7,9]120
4[6,2,8,1,7]120
2[3,10,6,7,11]120
5[2,7,9,10,3]120
3[2,6,11,8,4]120
5[6,10,4,3,11]120
1[5,8,10,11,4]120
3[9,2,11,8,1]120
4[9,3,1,10,5]120
6[1,10,5,7,3]120
4[1,2,9,8,3]120
3[4,1,6,11,8]120
6[9,8,10,3,2]120
5[1,9,4,6,8]120
2[5,6,7,10,3]120
3[8,10,6,1,7]120
6[5,4,10,11,9]120
6[8,9,4,11,5]120
2[9,10,11,5,8]120
3[10,6,8,1,11]120
4[2,7,5,8,9]120
3[1,6,11,2,8]120
2[11,8,10,6,7]120
4[10,1,7,8,11]120
5[7,2,1,9,10]120
2[1,11,9,7,4]120
5[8,10,2,4,6]120
5[9,4,10,2,1]120
1[4,11,6,3,2]120
2[11,3,4,1,9]120
3[9,7,2,11,5]120
5[4,1,8,7,3]120
3[9,7,1,4,2]120
5[7,2,4,11,6]120
6[3,11,1,9,2]120
2[7,6,5,1,10]120
1[8,6,2,10,7]120
3[10,7,11,9,1]120
4[3,9,5,1,2]120
6[11,10,5,1,2]120
3[9,10,4,2,5]120
3[9,4,8,10,5]120
2[3,5,9,7,10]120
1[7,5,8,10,3]120
5[4,2,1,11,10]120
5[8,1,3,6,11]120
6[3,11,10,8,7]120
1[9,7,5,2,10]120
3[5,9,11,8,2]120
1[4,6,11,10,5]120
2[8,11,9,4,5]120
4[7,3,11,10,1]120
4[6,8,3,2,5]120
2[5,8,9,3,10]120
1[11,5,10,3,4]120
2[3,7,1,5,10]120
1[9,3,10,6,7]120
3[7,1,11,6,4]120
3[8,2,5,6,11]120
4[7,10,6,1,5]120
3[10,8,6,2,5]120
