3[5,17,9,8,15]40
3[14,7,24,8,15]40
5[6,16,15,24,7]40
2[19,24,9,8,14]40
2[13,22,6,9,17]40
3[23,5,12,18,21]40
3[19,1,24,16,21]40
4[22,12,17,15,9]40
6[20,9,10,8,19]40
2[6,11,24,13,19]40
4[5,22,11,7,24]40
1[14,7,15,19,5]40
6[20,10,22,17,21]40
3[13,24,17,22,1]40
3[16,13,6,19,5]40
1[24,20,23,15,9]40
6[9,19,11,17,12]40
6[1,13,24,4,10]40
6[16,8,5,11,4]40
2[17,3,8,4,12]40
2[18,17,24,7,21]40
3[6,21,20,7,19]40
6[13,20,24,12,7]40
2[15,24,17,20,14]40
2[17,10,4,20,5]40
6[11,1,3,23,10]40
2[20,16,22,13,7]40
5[15,24,12,1,23]40
5[19,14,13,12,6]40
1[7,12,19,6,23]40
5[22,21,2,20,18]40
4[7,22,11,5,2]40
3[14,16,7,22,24]40
2[5,13,10,4,7]40
3[19,17,8,14,15]40
4[17,3,18,11,12]40
3[15,8,14,1,9]40
5[8,7,12,22,4]40
1[24,17,15,21,8]40
4[3,18,23,2,16]40
1[5,16,2,9,8]40
2[1,12,20,16,19]40
2[20,10,14,8,13]40
1[19,13,5,12,9]40
3[6,8,15,22,1]40
6[8,4,1,14,10]40
2[10,13,18,17,20]40
3[20,12,6,22,8]40
3[21,13,7,15,10]40
6[11,14,3,5,12]40
1[4,18,19,24,6]40
6[24,22,16,7,19]40
1[12,18,2,17,7]40
6[17,14,23,20,22]40
3[16,22,8,17,21]40
2[17,10,21,14,4]40
1[20,16,7,21,2]40
3[23,19,20,22,4]40
4[7,21,17,12,8]40
1[17,22,3,21,8]40
5[13,18,19,14,9]40
1[13,7,4,17,9]40
5[16,15,9,20,17]40
1[19,17,11,3,15]40
6[11,18,16,17,12]40
4[7,22,13,17,19]40
1[14,8,12,15,24]40
2[15,24,14,22,6]40
6[21,1,24,3,19]40
1[19,14,20,11,2]40
3[14,9,22,15,21]40
1[11,4,8,20,2]40
4[16,1,15,7,10]40
2[18,13,10,7,5]40
3[4,12,20,24,2]40
6[7,8,22,9,15]40
5[19,11,18,15,1]40
3[19,16,8,2,6]40
6[10,8,7,20,23]40
5[17,4,12,6,3]40
6[15,13,23,10,24]40
3[23,15,18,17,9]40
5[1,10,16,14,12]40
5[21,6,17,19,3]40
6[1,22,12,7,21]40
4[2,8,11,7,5]40
3[22,2,7,19,16]40
2[22,18,4,7,14]40
6[21,18,13,10,15]40
3[2,18,9,7,23]40
5[6,18,1,9,2]40
1[2,17,12,21,5]40
3[20,1,14,19,13]40
3[18,20,19,22,8]40
5[19,10,6,17,23]40
3[22,18,20,15,2]40
2[7,16,22,11,13]40
6[5,8,7,1,15]40
1[24,6,8,3,12]40
6[21,11,10,3,13]40
