2[9,3,8,12,11]120
5[2,13,8,4,1]120
3[8,2,5,11,10]120
6[14,3,12,7,2]120
6[13,7,4,12,1]120
2[9,6,11,8,10]120
2[13,3,8,4,11]120
1[13,8,6,4,5]120
6[9,4,10,8,13]120
6[4,2,1,13,5]120
3[11,4,12,5,1]120
3[11,12,14,4,7]120
4[12,11,8,5,9]120
4[7,6,14,13,10]120
1[9,12,2,8,11]120
6[3,2,8,1,12]120
6[14,8,11,7,3]120
2[3,4,11,12,8]120
6[4,3,9,1,8]120
3[12,2,11,13,14]120
5[8,13,3,7,6]120
5[14,3,11,10,9]120
3[10,8,12,1,7]120
6[4,9,8,13,14]120
4[12,9,3,14,10]120
2[3,8,10,14,11]120
4[1,7,11,8,9]120
1[9,14,4,10,7]120
1[13,11,3,7,5]120
6[10,8,2,1,5]120
4[6,13,11,7,2]120
1[12,4,9,13,5]120
4[1,10,2,6,8]120
1[14,13,10,2,3]120
2[8,13,14,4,1]120
6[3,1,13,7,14]120
4[7,5,10,8,13]120
2[6,9,3,13,8]120
3[14,10,7,6,1]120
3[11,5,1,9,2]120
4[1,7,13,14,5]120
2[6,7,14,3,5]120
5[13,2,3,6,4]120
3[4,1,2,9,10]120
5[3,10,2,9,6]120
1[7,4,13,2,6]120
3[4,7,5,8,9]120
4[10,11,14,3,2]120
6[8,2,1,5,13]120
4[2,12,11,1,7]120
3[13,8,9,12,10]120
6[4,12,7,5,13]120
5[7,12,10,11,1]120
2[7,1,8,10,13]120
3[8,10,12,13,9]120
6[11,12,8,2,9]120
6[4,12,5,2,1]120
2[13,9,7,14,4]120
3[4,2,7,9,11]120
4[14,9,5,3,7]120
3[9,1,10,7,2]120
2[9,5,6,12,3]120
4[7,5,2,13,14]120
5[9,6,2,10,3]120
2[4,14,9,12,11]120
5[1,10,14,2,6]120
5[12,11,14,2,6]120
1[10,7,11,8,2]120
2[8,13,12,3,4]120
3[11,14,4,5,6]120
5[10,1,2,11,13]120
3[14,13,4,10,6]120
5[10,13,9,8,7]120
6[10,3,12,14,5]120
2[5,3,1,10,6]120
1[10,13,8,11,9]120
3[10,14,4,1,11]120
4[12,5,14,10,1]120
6[1,14,9,8,11]120
3[2,10,5,12,13]120
3[5,8,1,6,7]120
2[6,8,3,7,13]120
1[4,2,3,8,10]120
5[4,7,11,12,9]120
5[10,12,7,9,8]120
6[11,7,1,10,3]120
1[14,4,5,11,3]120
3[13,5,2,10,4]120
1[2,6,13,5,7]120
2[3,11,9,7,10]120
4[14,10,8,13,5]120
4[12,14,3,9,11]120
2[14,10,4,5,12]120
1[3,2,10,4,9]120
2[5,3,11,6,4]120
1[13,6,5,10,2]120
3[10,5,6,1,4]120
3[6,13,7,9,4]120
4[10,13,8,1,14]120
3[13,8,4,12,9]120
