2[21,5,10,22,12]120
5[13,12,6,17,10]120
3[17,18,20,8,13]120
6[8,21,24,5,12]120
6[10,4,20,23,9]120
2[15,6,7,9,13]120
2[14,16,5,15,9]120
1[16,21,22,14,4]120
6[7,16,11,20,4]120
6[17,13,18,10,1]120
3[17,23,8,15,14]120
3[11,12,21,4,2]120
4[16,24,17,5,21]120
4[19,21,8,24,16]120
1[13,5,10,8,16]120
6[12,9,23,14,7]120
6[7,15,22,8,18]120
2[5,14,7,22,6]120
6[8,5,15,1,4]120
3[1,18,22,11,19]120
5[8,3,22,18,12]120
5[6,15,23,10,1]120
3[22,18,10,13,11]120
6[4,13,20,11,2]120
4[19,9,12,24,21]120
2[6,5,11,14,17]120
4[21,14,8,6,11]120
1[20,15,3,21,5]120
1[4,3,13,19,21]120
6[7,15,5,1,22]120
4[14,8,11,6,23]120
1[22,4,19,23,11]120
4[16,9,13,17,5]120
1[24,11,9,2,17]120
2[20,6,23,15,18]120
6[5,3,13,18,23]120
4[18,9,14,19,6]120
2[23,16,24,21,5]120
3[23,18,22,6,20]120
3[22,17,5,19,1]120
4[22,10,16,24,5]120
2[9,17,13,3,20]120
5[4,6,23,3,18]120
3[21,23,1,17,14]120
5[22,21,17,7,23]120
1[24,2,11,14,9]120
3[21,1,18,6,7]120
4[1,21,22,5,6]120
6[8,16,3,4,11]120
4[13,9,24,14,11]120
3[1,5,17,23,19]120
6[10,9,18,4,21]120
5[3,20,17,10,11]120
2[4,15,23,8,10]120
3[10,14,9,23,1]120
6[5,14,13,2,3]120
6[11,4,14,2,23]120
2[16,24,11,23,1]120
3[13,7,19,18,24]120
4[3,14,19,5,10]120
3[12,6,23,18,24]120
2[24,7,13,21,5]120
4[16,2,12,23,24]120
5[6,21,19,8,13]120
2[22,11,10,23,14]120
5[22,9,8,14,21]120
5[6,2,11,3,12]120
1[4,14,21,19,2]120
2[1,13,24,4,12]120
3[2,24,11,16,10]120
5[10,19,12,21,23]120
3[8,7,21,11,4]120
5[21,8,24,9,6]120
6[19,12,10,24,23]120
2[17,3,22,19,11]120
1[10,6,13,11,22]120
3[24,17,23,1,2]120
4[24,5,18,10,1]120
6[13,9,2,8,16]120
3[13,9,1,11,12]120
3[20,7,5,4,19]120
2[24,17,15,16,13]120
1[20,10,3,6,18]120
5[11,8,6,12,3]120
5[21,9,6,20,12]120
6[10,9,11,21,4]120
1[2,19,3,22,8]120
3[22,15,9,20,12]120
1[10,9,17,4,23]120
2[9,19,5,18,15]120
4[8,17,21,24,9]120
4[23,7,3,10,13]120
2[24,4,19,5,10]120
1[18,4,12,14,7]120
2[4,8,13,17,9]120
1[18,12,6,21,7]120
3[2,6,24,1,18]120
3[11,8,5,9,13]120
4[20,18,24,12,3]120
3[15,12,5,23,14]120
