2[20,22,24,5,12]80
1[18,4,24,3,22]80
5[23,24,4,15,14]80
4[17,7,20,21,23]80
2[22,6,5,17,24]80
5[4,16,11,18,8]80
6[13,17,8,11,16]80
6[7,16,17,4,9]80
4[17,8,7,18,1]80
4[9,20,11,24,10]80
5[4,24,20,15,18]80
2[13,8,17,20,4]80
2[20,15,9,5,13]80
3[7,8,2,18,11]80
1[7,18,16,4,15]80
2[15,9,22,5,3]80
4[3,8,22,2,5]80
5[16,1,4,23,11]80
5[1,21,24,18,17]80
1[2,7,9,10,12]80
1[20,10,7,8,4]80
3[21,1,6,16,13]80
3[16,20,23,12,14]80
1[8,10,14,2,3]80
4[10,5,9,1,20]80
2[14,9,19,3,8]80
2[20,6,13,22,5]80
5[21,17,6,9,8]80
2[1,14,11,16,13]80
3[15,1,20,2,18]80
4[9,16,15,2,23]80
2[5,17,1,13,24]80
6[13,17,21,5,12]80
1[2,18,3,7,23]80
4[6,15,1,18,17]80
4[6,13,12,7,14]80
2[13,4,24,7,19]80
6[11,22,23,10,7]80
3[15,18,23,6,2]80
2[6,16,18,9,12]80
1[20,3,7,8,24]80
2[23,16,9,13,7]80
4[22,2,19,8,15]80
1[7,19,16,20,17]80
5[23,18,19,15,17]80
6[18,3,7,5,16]80
6[14,8,3,22,19]80
4[5,13,10,7,24]80
1[4,24,17,22,19]80
6[23,11,14,22,4]80
4[23,8,14,7,19]80
2[3,24,21,16,4]80
1[20,2,14,3,16]80
6[2,18,1,17,11]80
3[4,6,7,16,11]80
6[15,10,2,5,14]80
3[2,16,13,6,11]80
5[3,16,1,6,18]80
2[24,16,19,20,12]80
5[20,8,9,23,13]80
3[17,22,14,2,12]80
3[10,21,5,1,11]80
3[1,20,18,8,16]80
2[10,21,9,24,23]80
3[17,22,21,7,19]80
5[14,19,9,12,7]80
4[17,15,13,22,12]80
5[8,1,22,17,13]80
2[6,22,10,18,19]80
6[13,10,5,12,14]80
6[24,9,12,10,23]80
4[23,15,10,2,24]80
1[22,11,13,14,20]80
6[4,17,20,23,3]80
4[13,1,6,15,5]80
6[18,23,8,5,17]80
2[11,22,1,19,10]80
6[15,18,17,8,23]80
2[22,13,9,4,20]80
6[16,23,2,4,8]80
4[23,19,18,17,1]80
6[21,5,1,8,18]80
6[22,1,23,5,16]80
4[16,24,5,6,3]80
2[13,17,24,11,16]80
3[17,5,13,11,24]80
4[19,3,11,20,5]80
6[5,4,23,19,21]80
6[10,19,22,7,5]80
1[19,20,22,3,5]80
4[10,6,5,20,9]80
6[21,8,18,11,3]80
6[1,21,3,7,17]80
4[5,20,24,13,17]80
5[11,15,17,1,6]80
2[1,22,11,8,13]80
5[23,18,9,15,11]80
1[5,3,23,13,24]80
1[13,3,21,7,8]80
6[14,8,23,4,19]80
