2[17,23,8,16,13]160
2[12,19,20,18,10]160
6[1,19,16,15,21]160
5[11,2,16,24,7]160
5[11,15,13,1,10]160
2[6,1,10,23,8]160
3[5,1,10,7,24]160
6[12,1,20,4,15]160
5[8,9,7,6,4]160
5[20,17,19,4,6]160
2[3,14,4,9,15]160
3[6,2,22,10,4]160
4[2,18,9,14,13]160
5[23,14,17,9,6]160
4[1,9,8,12,23]160
2[11,7,9,18,8]160
3[4,19,9,22,10]160
6[16,20,24,2,5]160
6[8,13,17,3,5]160
1[10,16,14,21,2]160
5[11,18,8,24,14]160
4[21,13,12,14,15]160
5[24,6,1,10,22]160
6[18,8,15,17,1]160
1[4,5,13,21,17]160
4[8,3,18,10,16]160
2[12,19,21,14,22]160
1[20,23,15,10,16]160
1[15,24,11,5,19]160
1[8,12,14,5,21]160
3[13,2,12,15,8]160
3[18,22,13,16,5]160
4[12,1,23,14,6]160
4[15,7,19,20,3]160
5[17,20,6,9,2]160
3[2,15,24,19,20]160
4[20,8,1,22,7]160
1[9,17,13,5,10]160
3[23,10,11,8,14]160
2[1,19,22,20,4]160
2[19,8,20,14,9]160
2[9,20,24,7,8]160
1[4,21,22,7,14]160
1[23,15,9,4,10]160
2[1,4,13,20,12]160
3[6,23,20,12,5]160
2[14,12,6,9,4]160
4[11,9,22,14,13]160
6[22,16,11,24,21]160
1[18,10,6,8,15]160
4[9,11,8,16,17]160
2[14,19,9,7,22]160
3[19,21,2,11,22]160
5[11,19,24,9,13]160
3[20,6,13,7,17]160
3[17,2,19,16,21]160
4[19,20,14,13,18]160
5[14,8,20,10,21]160
4[5,8,15,18,17]160
2[23,11,19,17,24]160
4[6,24,13,20,19]160
5[12,2,24,1,7]160
3[1,22,2,15,11]160
5[20,1,21,2,8]160
3[17,7,5,8,23]160
6[24,14,21,9,4]160
3[15,13,21,18,24]160
6[7,16,3,18,9]160
4[22,19,18,8,23]160
4[6,11,9,13,10]160
4[22,23,15,13,16]160
3[6,16,17,9,22]160
6[13,5,9,21,14]160
5[2,13,14,4,1]160
1[17,20,12,16,6]160
5[23,7,6,13,12]160
1[14,19,5,12,4]160
3[20,14,7,2,22]160
1[11,21,8,18,15]160
3[4,16,9,10,15]160
3[9,23,6,17,12]160
4[19,1,11,21,2]160
5[14,3,18,2,15]160
3[8,23,17,2,12]160
1[2,22,9,23,4]160
4[21,7,14,10,13]160
2[21,11,18,9,5]160
4[1,2,22,16,21]160
3[23,9,13,11,10]160
3[22,20,2,7,10]160
1[16,15,3,2,20]160
2[10,9,18,24,17]160
6[14,15,1,5,7]160
4[18,17,1,21,13]160
1[23,12,19,8,6]160
3[17,23,21,16,5]160
1[14,13,24,9,2]160
1[21,5,2,9,17]160
2[9,15,13,16,4]160
4[6,15,17,24,22]160
