2[9,7,4,6,12]80
1[10,8,13,3,14]80
5[3,6,11,4,12]80
4[11,12,1,9,13]80
2[10,11,9,5,1]80
5[8,7,2,6,13]80
6[8,13,3,12,1]80
6[14,4,8,5,13]80
4[7,1,10,6,13]80
4[2,10,14,13,1]80
5[11,12,1,4,13]80
2[9,1,5,10,14]80
2[10,3,1,7,5]80
3[9,5,8,6,13]80
1[3,8,5,6,4]80
2[1,6,12,7,11]80
4[12,14,11,2,13]80
5[6,7,3,13,4]80
5[3,9,12,8,14]80
1[12,6,11,8,7]80
1[14,10,4,8,12]80
3[2,9,7,5,1]80
3[13,11,5,1,2]80
1[13,11,4,2,10]80
4[6,8,10,1,3]80
2[3,14,10,4,1]80
2[3,5,8,12,4]80
5[1,6,3,11,2]80
2[11,14,10,3,9]80
3[12,1,7,2,9]80
4[1,12,3,5,2]80
2[9,1,7,14,11]80
6[12,3,13,7,4]80
1[13,5,12,6,10]80
4[2,5,7,8,3]80
4[14,6,3,8,5]80
2[4,5,3,9,11]80
6[2,8,11,13,3]80
3[4,6,5,9,7]80
2[6,3,1,11,10]80
1[7,3,9,8,6]80
2[6,1,11,3,4]80
4[14,9,2,8,1]80
1[7,13,6,9,8]80
5[8,6,13,4,9]80
6[11,5,8,4,7]80
6[2,13,1,11,5]80
4[1,13,14,7,2]80
1[5,14,13,11,4]80
6[13,4,5,12,11]80
4[14,8,2,9,7]80
2[11,14,4,6,7]80
1[12,6,8,2,3]80
6[14,13,3,5,9]80
3[14,13,10,2,1]80
6[3,11,7,5,8]80
3[7,2,12,6,11]80
5[13,7,8,3,14]80
2[13,6,11,9,7]80
5[10,1,14,12,4]80
3[12,7,9,2,11]80
3[6,4,8,1,13]80
3[7,10,1,9,5]80
2[8,4,11,14,13]80
3[10,12,7,8,14]80
5[8,11,6,14,12]80
4[7,5,2,12,10]80
5[13,3,7,6,8]80
2[3,4,12,8,7]80
6[12,5,13,11,1]80
6[4,12,7,11,5]80
4[6,10,1,3,11]80
1[14,5,10,2,13]80
6[2,11,12,13,10]80
4[5,9,7,1,3]80
6[1,13,9,7,4]80
2[9,7,1,10,11]80
6[8,4,3,11,14]80
2[6,12,7,4,5]80
6[9,5,1,4,14]80
4[11,7,6,9,14]80
6[1,13,5,8,12]80
6[2,7,1,8,12]80
4[5,8,1,7,6]80
2[13,4,3,14,5]80
3[9,14,6,12,7]80
4[12,3,6,9,13]80
6[9,2,4,10,8]80
6[2,13,14,8,10]80
1[2,14,11,4,6]80
4[8,1,13,9,2]80
6[10,11,13,12,9]80
6[14,5,9,4,2]80
4[11,9,6,1,8]80
5[8,9,7,1,11]80
2[4,6,11,9,13]80
5[10,3,4,6,11]80
1[2,4,9,14,8]80
1[7,3,2,9,8]80
6[13,5,10,4,7]80
