2[4,11,3,1,5]80
1[11,5,2,9,6]80
5[9,8,3,6,1]80
4[5,6,10,7,2]80
2[7,4,3,10,1]80
5[9,7,1,4,10]80
6[5,10,2,8,7]80
6[1,9,8,11,4]80
4[1,9,8,3,5]80
4[3,2,10,5,1]80
5[6,9,7,4,2]80
2[1,3,5,6,8]80
2[3,4,7,1,6]80
3[7,9,4,8,10]80
1[6,4,2,11,5]80
2[5,1,10,4,8]80
4[1,11,7,10,9]80
5[7,2,4,1,8]80
5[4,6,2,11,7]80
1[7,6,9,8,10]80
1[8,11,6,4,3]80
3[11,5,2,1,8]80
3[11,5,8,2,1]80
1[5,6,11,9,7]80
4[1,5,9,6,3]80
2[11,7,6,3,8]80
2[5,8,11,9,3]80
5[10,4,11,1,7]80
2[3,11,6,9,1]80
3[7,5,9,6,2]80
4[6,5,11,9,1]80
2[11,1,10,7,3]80
6[3,11,10,7,9]80
1[2,3,6,5,9]80
4[10,7,11,1,3]80
4[3,10,11,8,9]80
2[1,11,9,5,10]80
6[10,3,8,9,2]80
3[9,1,8,2,11]80
2[1,7,8,5,6]80
1[3,10,4,11,2]80
2[6,1,7,4,9]80
4[6,10,9,2,1]80
1[11,9,7,3,4]80
5[2,3,9,6,10]80
6[11,2,10,3,7]80
6[1,7,11,5,10]80
4[8,2,10,9,1]80
1[4,11,5,10,9]80
6[8,4,11,10,2]80
4[5,9,7,10,8]80
2[5,11,10,3,7]80
1[6,7,10,8,2]80
6[8,3,7,9,11]80
3[2,5,7,1,4]80
6[2,4,7,9,8]80
3[1,7,4,11,2]80
5[7,11,6,8,3]80
2[11,9,10,7,3]80
5[2,6,8,9,4]80
3[7,8,1,4,2]80
3[5,8,4,9,10]80
3[2,10,1,4,11]80
2[9,4,7,3,6]80
3[10,1,8,9,5]80
5[4,11,3,10,8]80
4[5,6,1,10,7]80
5[2,4,7,11,8]80
2[1,7,8,6,3]80
6[10,2,11,8,5]80
6[3,9,8,2,1]80
4[6,10,8,2,11]80
1[11,2,8,6,5]80
6[11,10,9,2,7]80
4[5,6,8,2,3]80
6[5,7,4,9,11]80
2[10,4,9,1,6]80
6[7,9,4,8,11]80
2[1,9,5,7,11]80
6[1,7,2,8,5]80
4[8,3,1,6,11]80
6[9,5,3,7,10]80
6[7,5,4,1,9]80
4[1,5,7,11,10]80
2[5,8,1,7,10]80
3[1,5,9,10,8]80
4[3,11,8,6,2]80
6[11,2,4,10,8]80
6[4,10,8,7,5]80
1[3,8,6,4,11]80
4[11,8,5,7,1]80
6[3,8,5,11,9]80
6[11,9,8,5,2]80
4[11,6,8,7,9]80
5[9,4,8,2,11]80
2[9,8,4,3,5]80
5[6,3,7,10,11]80
1[2,4,3,7,6]80
1[2,7,9,6,8]80
6[1,7,2,11,3]80
