3[11,2,7,9,4]40
3[11,9,1,6,2]40
5[4,3,11,8,9]40
2[11,6,8,1,4]40
2[7,5,1,11,4]40
3[4,11,9,8,2]40
3[2,11,10,4,5]40
4[5,6,1,10,11]40
6[8,10,9,1,7]40
2[6,5,10,7,3]40
4[1,7,5,9,11]40
1[11,2,3,6,7]40
6[11,2,3,4,7]40
3[10,6,2,7,11]40
3[7,11,9,6,1]40
1[6,2,11,7,5]40
6[9,4,2,1,7]40
6[10,3,2,4,7]40
6[9,7,4,1,8]40
2[6,10,7,11,5]40
2[4,1,5,8,11]40
3[4,8,10,5,9]40
6[1,5,10,8,9]40
2[5,3,1,8,11]40
2[1,8,10,3,4]40
6[7,11,9,10,5]40
2[8,10,3,5,6]40
5[6,8,1,2,9]40
5[8,2,9,10,11]40
1[9,3,10,6,7]40
5[8,1,11,4,6]40
4[9,6,1,11,5]40
3[4,9,7,11,2]40
2[7,6,8,1,10]40
3[8,6,5,11,10]40
4[1,2,8,9,5]40
3[2,8,9,5,4]40
5[10,6,11,7,1]40
1[11,10,2,5,6]40
4[10,11,9,7,3]40
1[10,8,2,4,3]40
2[6,3,8,7,10]40
2[7,1,3,6,9]40
1[9,8,11,10,5]40
3[4,10,1,9,2]40
6[2,9,3,5,11]40
2[4,6,11,10,1]40
3[6,5,8,4,11]40
3[5,9,6,2,4]40
6[10,5,3,8,4]40
1[3,10,11,7,9]40
6[1,9,10,3,4]40
1[10,6,8,11,4]40
6[5,4,2,10,3]40
3[10,7,6,1,8]40
2[7,4,10,6,3]40
1[10,8,5,4,3]40
3[5,4,1,6,10]40
4[3,8,11,5,10]40
1[10,4,5,6,8]40
5[7,4,3,8,10]40
1[10,4,11,9,6]40
5[2,1,9,7,10]40
1[9,11,6,7,3]40
6[2,4,1,7,8]40
4[9,2,6,5,10]40
1[3,4,11,7,9]40
2[6,7,4,1,10]40
6[9,8,11,5,2]40
1[5,3,7,2,4]40
3[4,8,2,7,6]40
1[4,6,9,10,7]40
4[3,5,11,8,9]40
2[6,11,5,10,4]40
3[10,7,9,1,11]40
6[5,4,8,10,3]40
5[1,10,6,11,8]40
3[9,6,5,8,7]40
6[9,11,2,3,7]40
5[4,6,1,8,3]40
6[4,1,3,11,7]40
3[1,11,9,4,6]40
5[1,4,7,8,2]40
5[9,1,11,6,2]40
6[10,9,7,4,8]40
4[11,2,9,5,7]40
3[8,6,2,11,10]40
2[8,11,5,4,6]40
6[4,8,7,5,10]40
3[8,2,9,4,7]40
5[3,10,8,6,9]40
1[3,10,5,7,9]40
3[10,9,5,2,7]40
3[2,1,7,8,10]40
5[1,3,6,4,9]40
3[4,7,10,2,1]40
2[6,8,1,4,3]40
6[4,2,8,7,5]40
1[10,4,6,3,2]40
6[8,9,7,11,4]40
