3[1,13,8,9,10]80
6[12,8,9,11,3]80
5[6,2,1,4,12]80
6[3,8,7,13,12]80
2[4,9,13,12,10]80
1[4,6,11,9,13]80
5[6,9,3,1,10]80
2[11,8,5,4,7]80
6[8,13,4,3,12]80
4[10,13,11,9,3]80
6[10,12,11,7,8]80
5[3,2,6,14,4]80
1[10,11,2,3,9]80
1[11,2,4,8,12]80
6[5,3,1,2,7]80
5[3,14,4,10,1]80
5[14,7,3,4,10]80
3[4,6,11,9,14]80
1[5,4,11,3,8]80
6[14,12,4,2,11]80
5[2,1,4,11,12]80
5[9,14,8,7,10]80
4[6,11,10,1,3]80
3[10,5,2,14,4]80
1[4,11,13,12,8]80
2[11,10,6,8,9]80
4[13,12,11,14,9]80
1[13,10,9,7,12]80
5[11,14,7,9,1]80
5[9,11,1,10,12]80
4[2,1,7,13,10]80
4[5,8,13,10,3]80
2[7,14,3,4,1]80
2[11,9,1,4,6]80
6[12,7,5,10,2]80
2[7,8,5,13,12]80
2[10,14,7,8,6]80
3[6,2,7,13,14]80
1[14,5,7,9,3]80
5[7,6,11,3,14]80
1[13,11,9,14,12]80
1[8,6,13,3,12]80
4[7,9,3,10,11]80
2[11,12,5,3,4]80
5[12,6,1,7,13]80
4[9,12,1,2,13]80
5[12,3,4,8,2]80
4[14,6,3,8,12]80
3[10,12,1,13,14]80
4[14,3,12,11,7]80
2[14,5,6,1,11]80
2[5,4,14,9,6]80
1[11,6,2,12,9]80
6[12,14,9,11,4]80
4[7,3,12,14,10]80
1[2,13,11,10,9]80
2[13,12,6,9,14]80
4[1,2,11,7,14]80
5[7,1,11,9,6]80
3[9,11,1,5,13]80
1[9,8,6,2,5]80
3[8,5,13,9,12]80
6[10,5,1,4,9]80
5[8,13,2,3,6]80
5[9,3,14,8,12]80
2[14,1,5,13,3]80
3[13,9,11,10,5]80
6[14,11,13,4,3]80
6[14,7,4,2,8]80
1[13,8,5,14,10]80
1[2,9,4,6,13]80
1[13,5,6,9,8]80
2[10,3,9,13,1]80
3[12,8,7,2,11]80
6[7,11,1,3,10]80
1[4,11,9,12,6]80
3[11,7,2,9,5]80
2[8,7,14,13,9]80
4[1,6,5,14,3]80
3[13,5,14,12,11]80
4[7,10,9,13,1]80
6[9,1,12,13,7]80
1[5,9,14,12,8]80
6[14,7,10,13,12]80
4[9,6,11,14,2]80
2[12,4,8,10,1]80
4[13,12,14,7,8]80
2[9,10,13,5,14]80
4[9,6,5,14,11]80
3[1,6,8,4,12]80
2[12,9,3,7,14]80
2[4,14,11,1,13]80
3[1,5,7,6,14]80
5[14,11,10,12,6]80
3[2,5,7,12,13]80
1[9,12,4,3,5]80
4[9,13,8,10,6]80
3[10,6,4,11,13]80
4[13,14,7,6,2]80
6[10,11,9,8,12]80
1[3,2,14,8,6]80
6[13,4,9,7,14]80
4[6,3,14,7,5]80
3[12,6,4,7,1]80
6[2,14,5,3,8]80
3[6,4,10,8,11]80
4[9,1,3,7,12]80
4[13,14,12,3,11]80
1[5,7,10,8,9]80
1[12,3,6,9,2]80
5[14,2,3,1,7]80
6[11,9,14,10,12]80
1[9,7,8,4,11]80
4[9,13,2,5,3]80
6[1,13,11,4,7]80
1[3,11,12,14,6]80
4[12,13,10,1,3]80
1[9,12,8,13,14]80
2[7,9,13,8,1]80
2[6,7,10,8,5]80
6[9,2,10,14,3]80
3[11,2,12,13,14]80
5[6,4,1,2,13]80
2[13,11,7,9,3]80
1[5,6,4,13,3]80
3[10,13,11,7,1]80
5[6,2,4,8,7]80
3[2,1,7,9,8]80
2[13,1,4,3,7]80
1[7,14,13,9,5]80
1[11,14,9,6,2]80
2[3,13,6,8,4]80
5[10,12,2,3,4]80
2[11,9,8,12,1]80
6[11,4,5,3,1]80
4[1,2,5,12,13]80
6[13,8,4,11,10]80
5[7,9,2,3,4]80
4[11,7,14,10,8]80
4[13,11,7,9,2]80
5[13,14,3,12,1]80
1[6,11,13,8,10]80
5[7,8,9,14,4]80
5[7,12,2,14,10]80
1[3,8,9,2,6]80
1[11,14,10,9,2]80
1[11,5,12,7,9]80
2[3,9,12,8,13]80
4[6,12,8,10,1]80
6[11,8,4,14,9]80
