6[12,2,11,14,13]80
1[12,2,10,8,6]80
5[10,1,6,9,4]80
1[7,8,13,14,10]80
6[4,14,1,9,11]80
3[14,4,1,10,9]80
5[11,4,13,7,8]80
4[1,2,14,5,6]80
6[8,4,2,9,12]80
6[5,7,8,11,9]80
3[10,13,14,5,8]80
5[11,4,7,3,14]80
4[2,6,12,14,7]80
4[2,14,7,11,9]80
5[11,4,13,2,3]80
1[9,12,14,4,11]80
5[9,2,8,11,6]80
5[13,14,12,10,11]80
6[3,12,11,13,9]80
5[7,1,14,6,3]80
2[12,4,14,8,1]80
3[11,13,7,4,1]80
1[14,4,12,3,8]80
5[8,14,12,7,2]80
4[13,3,9,7,1]80
5[9,10,14,12,2]80
4[2,9,5,14,11]80
5[7,3,12,4,10]80
4[3,11,9,1,10]80
1[2,4,6,3,9]80
1[4,2,6,8,11]80
1[9,8,10,11,4]80
3[12,7,6,2,9]80
3[2,7,10,8,5]80
4[8,10,14,2,5]80
2[6,7,10,11,3]80
3[12,1,11,7,10]80
1[13,11,4,12,3]80
3[9,8,11,2,10]80
1[14,11,5,9,8]80
6[9,7,4,2,3]80
3[1,11,2,13,10]80
5[11,8,12,14,6]80
4[6,12,14,7,8]80
6[13,10,14,12,8]80
5[9,11,1,8,13]80
2[11,14,3,10,12]80
5[1,9,4,3,10]80
4[10,8,13,1,12]80
2[13,14,5,8,3]80
1[9,10,2,3,12]80
2[4,7,11,12,3]80
5[1,8,9,13,10]80
6[9,1,4,14,13]80
5[6,2,1,12,8]80
6[2,9,12,13,7]80
1[12,3,2,8,6]80
4[14,5,7,2,8]80
4[2,3,12,14,11]80
1[5,8,2,3,4]80
5[1,6,8,2,9]80
4[5,13,9,8,7]80
5[1,6,9,13,2]80
6[13,12,1,14,2]80
3[11,14,10,1,7]80
5[8,1,12,4,6]80
3[11,14,4,13,6]80
2[5,13,10,9,1]80
6[9,1,5,14,13]80
1[12,2,3,13,8]80
5[3,8,14,10,1]80
1[12,3,6,7,4]80
5[14,8,4,11,9]80
6[9,7,14,3,1]80
3[12,1,11,8,6]80
2[6,9,12,8,1]80
1[11,3,14,4,12]80
3[14,10,11,1,4]80
4[10,2,6,8,12]80
2[11,10,14,1,8]80
5[3,2,4,8,7]80
5[3,6,1,8,7]80
6[8,14,7,10,5]80
5[4,8,11,12,10]80
4[5,8,7,14,13]80
3[8,14,11,4,7]80
6[9,3,1,11,4]80
1[3,2,11,10,8]80
3[9,5,8,11,6]80
2[13,1,11,7,10]80
3[11,5,13,14,2]80
4[14,7,1,3,8]80
6[14,7,10,3,12]80
1[2,14,9,6,5]80
2[12,1,11,9,3]80
4[7,8,11,5,9]80
6[7,10,1,5,13]80
5[2,12,8,9,10]80
3[13,5,12,14,11]80
5[4,8,13,7,14]80
5[2,4,1,11,8]80
6[4,14,5,2,13]80
2[13,7,4,12,5]80
1[10,8,6,3,9]80
3[6,1,7,14,9]80
4[6,12,5,13,10]80
1[11,3,7,9,4]80
3[11,6,14,4,12]80
4[2,14,11,13,6]80
4[14,11,3,8,7]80
1[7,3,13,8,11]80
4[1,13,7,9,5]80
3[5,9,7,6,2]80
2[4,11,7,10,1]80
2[6,4,9,12,1]80
3[12,4,9,5,10]80
5[7,1,2,6,13]80
2[1,13,9,5,6]80
6[10,8,2,11,9]80
4[1,10,11,6,13]80
6[2,14,13,11,5]80
3[12,6,2,4,7]80
3[13,5,8,4,12]80
6[10,2,7,14,3]80
1[8,6,5,13,9]80
4[11,10,7,8,1]80
4[7,10,8,11,9]80
2[1,12,6,9,3]80
6[7,2,4,8,3]80
5[4,8,12,9,10]80
6[10,11,14,5,1]80
1[6,7,10,12,3]80
6[11,13,9,4,2]80
6[10,8,7,14,4]80
4[14,10,8,6,12]80
2[11,14,5,1,6]80
4[11,2,1,13,3]80
6[10,3,14,8,7]80
6[11,1,9,10,7]80
6[5,3,8,2,11]80
4[14,10,2,9,3]80
3[1,6,13,2,7]80
3[4,10,11,9,13]80
5[4,7,2,6,1]80
1[9,3,5,8,4]80
3[10,12,2,6,11]80
2[6,9,8,12,4]80
6[7,10,9,1,3]80
1[5,9,13,14,4]80
2[13,11,9,8,5]80
