2[3,13,5,8,11]40
3[9,5,13,12,1]40
1[14,9,8,7,12]40
3[5,12,4,13,1]40
3[12,7,11,2,10]40
5[4,14,6,9,11]40
2[11,13,6,3,5]40
4[6,5,9,1,12]40
3[14,4,10,8,2]40
5[11,6,8,2,13]40
2[4,13,7,6,10]40
2[12,6,3,7,1]40
6[10,9,2,13,4]40
5[13,9,6,7,1]40
6[1,8,10,13,14]40
5[4,9,3,14,8]40
1[13,2,9,11,12]40
4[14,11,2,9,6]40
5[12,13,4,2,6]40
3[7,12,4,2,13]40
6[7,13,11,5,2]40
4[5,10,13,9,2]40
1[14,13,10,3,7]40
5[8,9,3,7,6]40
3[14,10,4,7,2]40
3[2,6,10,4,1]40
6[3,4,8,10,14]40
4[6,13,2,12,7]40
2[13,12,14,4,5]40
3[12,8,1,11,4]40
4[1,5,11,13,6]40
1[3,9,13,5,2]40
5[9,10,14,3,1]40
5[3,4,13,12,1]40
3[13,11,9,12,6]40
5[9,6,1,4,14]40
6[14,7,11,12,10]40
3[12,10,1,13,9]40
4[12,2,5,9,14]40
5[14,7,6,11,1]40
2[1,12,4,3,5]40
1[9,7,13,11,3]40
2[6,12,4,8,7]40
2[9,10,12,11,7]40
6[12,10,5,13,7]40
4[1,11,6,5,9]40
1[12,6,7,14,10]40
3[10,9,11,2,6]40
2[3,4,10,11,8]40
2[11,1,6,7,3]40
4[12,5,6,14,7]40
3[4,13,8,12,7]40
5[11,8,2,1,14]40
1[4,6,2,9,11]40
5[8,11,2,4,3]40
5[3,2,14,9,1]40
1[9,14,8,3,7]40
3[1,2,9,6,4]40
1[10,2,12,14,4]40
3[4,14,2,9,8]40
1[8,5,7,12,4]40
5[10,4,8,6,11]40
4[12,14,11,5,1]40
5[10,6,4,3,12]40
3[9,6,11,12,5]40
4[9,7,12,13,6]40
1[11,6,8,10,7]40
6[12,9,7,13,2]40
5[11,13,6,4,2]40
2[12,1,14,3,10]40
3[13,7,14,8,12]40
2[9,13,10,4,11]40
2[13,7,9,1,3]40
1[5,9,3,12,8]40
2[9,12,8,4,14]40
1[10,8,7,2,5]40
6[11,2,7,5,3]40
1[6,11,2,8,3]40
1[8,14,7,12,2]40
6[1,9,12,13,10]40
6[11,14,7,13,5]40
6[5,3,1,8,14]40
5[11,1,3,7,14]40
5[8,13,7,11,6]40
3[11,1,9,7,10]40
3[11,9,12,7,14]40
1[2,14,9,8,6]40
4[8,1,5,7,12]40
1[9,14,11,6,2]40
6[7,11,9,2,1]40
5[8,14,11,4,6]40
5[7,6,12,1,8]40
5[13,2,8,1,9]40
4[3,13,11,12,9]40
6[10,2,12,1,9]40
3[13,4,7,12,14]40
1[10,5,9,7,2]40
1[9,10,2,12,14]40
5[4,1,11,6,7]40
6[7,5,13,4,11]40
1[5,2,6,9,3]40
1[11,6,3,8,13]40
1[2,9,8,12,7]40
5[9,3,4,2,1]40
2[1,9,8,4,10]40
1[12,8,5,14,4]40
2[12,5,4,3,13]40
3[4,12,14,7,8]40
4[12,6,2,14,13]40
5[13,9,1,4,12]40
6[2,11,3,12,7]40
2[5,9,10,14,12]40
5[1,10,6,14,3]40
1[2,11,7,12,9]40
5[4,14,2,1,10]40
6[14,7,13,11,1]40
1[11,5,6,9,14]40
6[10,8,1,5,11]40
3[7,10,13,9,8]40
5[9,13,11,2,1]40
4[7,12,6,2,13]40
5[1,7,12,14,4]40
1[12,14,6,7,2]40
4[14,6,10,2,7]40
1[3,4,11,6,14]40
5[10,7,3,12,13]40
1[11,2,6,14,9]40
3[12,13,11,5,10]40
6[13,9,4,10,2]40
1[9,3,13,8,5]40
5[6,2,4,8,11]40
3[6,8,12,14,4]40
2[8,11,14,3,10]40
1[2,6,10,4,8]40
3[4,8,6,10,11]40
5[11,13,3,12,2]40
4[7,1,14,2,11]40
2[9,3,14,13,11]40
6[13,8,14,11,7]40
3[9,4,6,14,8]40
3[13,1,11,4,2]40
2[3,9,8,4,10]40
6[3,4,13,1,12]40
1[4,2,14,12,8]40
2[14,5,7,11,3]40
5[8,12,9,3,10]40
3[5,14,2,11,8]40
2[11,9,5,6,1]40
4[12,14,2,6,1]40
1[13,3,7,8,4]40
