6[13,18,9,12,23]80
1[17,10,4,8,5]80
5[6,7,16,20,22]80
1[20,17,19,24,10]80
6[4,18,17,8,24]80
3[23,10,9,20,7]80
5[14,22,23,6,21]80
4[2,23,7,15,16]80
6[17,13,23,18,14]80
6[4,17,16,21,8]80
3[14,15,17,18,20]80
5[6,20,3,16,1]80
4[13,24,9,12,8]80
4[11,14,16,9,23]80
5[22,19,1,3,24]80
1[16,13,12,17,15]80
5[4,10,7,21,24]80
5[6,24,18,22,20]80
6[8,7,4,13,18]80
5[10,21,7,17,18]80
2[14,8,18,20,11]80
3[24,16,22,14,20]80
1[8,21,3,15,16]80
5[11,20,1,8,13]80
4[21,6,16,18,15]80
5[15,11,6,23,17]80
4[18,8,20,24,11]80
5[10,19,11,3,7]80
4[6,17,8,1,9]80
1[2,24,19,13,15]80
1[19,8,15,17,10]80
1[13,2,3,10,20]80
3[12,2,17,15,9]80
3[21,20,2,17,14]80
4[7,14,5,2,17]80
2[16,8,23,9,5]80
3[21,14,20,6,24]80
1[11,3,10,13,12]80
3[22,6,23,2,24]80
1[14,24,4,20,17]80
6[17,18,12,14,19]80
3[20,18,4,23,24]80
5[18,19,3,12,20]80
4[17,7,11,19,14]80
6[2,13,4,14,17]80
5[1,23,10,8,4]80
2[5,16,18,10,11]80
5[12,15,11,16,9]80
4[18,3,10,1,24]80
2[16,24,10,7,15]80
1[23,9,2,14,16]80
2[4,19,5,11,7]80
5[16,18,23,10,8]80
6[1,11,19,13,18]80
5[12,9,1,22,7]80
6[23,10,8,22,24]80
1[3,22,15,18,9]80
4[7,18,24,2,13]80
4[9,24,3,23,21]80
1[21,19,15,2,4]80
5[6,24,14,13,10]80
4[3,13,20,8,21]80
5[11,22,13,23,20]80
6[12,3,16,24,13]80
3[12,7,19,14,20]80
5[3,1,11,6,7]80
3[4,8,5,24,17]80
2[10,4,7,11,19]80
6[19,1,3,24,14]80
1[12,4,21,23,16]80
5[8,10,16,9,1]80
1[21,7,3,6,13]80
5[16,6,14,22,12]80
6[19,4,15,3,2]80
3[22,6,21,8,17]80
2[14,12,8,20,5]80
1[15,7,6,3,13]80
3[23,12,8,14,2]80
4[17,9,18,6,16]80
2[22,10,14,1,3]80
5[14,4,21,17,7]80
5[21,15,14,17,2]80
6[15,13,11,21,8]80
5[4,6,18,11,8]80
4[7,24,23,12,9]80
3[1,12,8,17,24]80
6[15,8,10,9,12]80
1[14,4,24,20,10]80
3[21,17,19,8,23]80
2[22,8,14,18,6]80
3[1,12,4,24,15]80
4[17,11,7,15,2]80
6[24,4,5,16,22]80
1[19,17,11,5,23]80
2[13,12,10,21,20]80
4[5,22,1,7,16]80
6[17,11,23,16,8]80
5[18,13,22,19,8]80
3[7,22,11,13,18]80
5[3,20,7,18,11]80
5[6,23,1,10,19]80
6[8,16,4,15,21]80
2[15,20,14,10,7]80
1[14,10,23,3,22]80
3[9,6,8,24,1]80
4[10,2,12,13,24]80
1[22,3,16,8,6]80
3[18,8,10,4,6]80
4[6,8,12,14,15]80
4[11,2,23,8,12]80
1[22,9,24,17,12]80
4[16,17,22,19,20]80
3[21,1,5,7,15]80
2[9,11,16,21,6]80
2[11,1,13,10,16]80
3[8,23,1,5,18]80
5[20,14,7,3,22]80
2[1,23,22,5,7]80
6[3,21,17,20,5]80
4[24,15,12,17,13]80
6[10,7,24,22,3]80
3[1,21,18,4,15]80
3[19,2,16,15,18]80
6[19,20,2,12,10]80
1[20,6,3,23,8]80
4[2,13,1,20,12]80
4[14,9,13,8,21]80
2[22,5,20,8,7]80
6[19,11,22,16,9]80
5[23,4,1,19,20]80
6[9,1,18,7,15]80
1[14,2,18,10,19]80
6[4,1,10,18,23]80
6[17,3,5,13,23]80
4[13,8,3,19,7]80
2[23,19,6,1,3]80
4[2,20,3,23,13]80
6[1,17,2,9,12]80
6[23,16,18,8,4]80
6[23,3,16,14,7]80
4[14,23,6,9,10]80
3[11,12,14,15,1]80
3[10,9,15,21,23]80
5[11,1,7,17,10]80
1[16,22,21,6,24]80
3[23,13,8,17,24]80
2[19,10,22,21,8]80
6[4,5,21,14,20]80
1[23,12,16,24,14]80
2[9,3,12,10,23]80
