1[17,8,6,16,20]120
6[20,12,13,16,23]120
6[13,15,5,16,24]120
5[17,4,6,16,12]120
2[15,7,24,11,21]120
4[16,24,10,18,7]120
3[13,5,14,17,1]120
1[16,3,14,23,17]120
4[9,16,22,2,7]120
4[3,16,2,18,15]120
6[4,15,20,18,8]120
5[15,10,19,17,4]120
6[11,17,10,13,12]120
2[23,4,17,7,21]120
6[2,10,7,5,3]120
6[9,8,24,2,17]120
6[22,10,9,16,23]120
4[18,15,3,21,2]120
2[9,15,13,17,8]120
6[2,7,15,24,4]120
3[17,13,6,14,7]120
6[18,11,8,3,5]120
6[10,14,7,20,21]120
5[21,8,11,24,16]120
3[9,12,24,17,23]120
4[11,21,13,22,24]120
4[22,3,17,7,1]120
2[9,15,12,19,11]120
1[7,19,9,8,23]120
3[24,17,15,12,20]120
3[7,10,22,18,14]120
5[21,12,9,23,16]120
2[6,23,21,9,12]120
6[20,8,9,7,11]120
1[17,8,5,9,3]120
1[10,17,6,4,16]120
6[23,17,5,22,12]120
3[8,14,1,20,4]120
2[1,13,23,20,24]120
3[17,14,6,12,11]120
6[22,17,10,12,15]120
1[16,11,20,10,14]120
6[21,18,12,3,19]120
1[10,3,4,5,15]120
5[8,10,12,21,18]120
6[11,19,4,2,15]120
1[23,13,7,10,2]120
2[1,11,7,8,19]120
2[11,10,19,16,6]120
6[5,10,23,9,18]120
1[11,4,22,18,21]120
6[2,13,3,18,7]120
4[24,6,10,21,9]120
4[16,7,9,15,8]120
1[7,21,17,18,12]120
4[14,17,15,18,13]120
5[23,14,19,18,7]120
4[13,8,16,21,18]120
6[14,4,22,20,17]120
6[15,16,17,14,3]120
6[11,12,24,7,1]120
6[23,2,18,10,12]120
1[11,10,2,4,20]120
2[20,22,1,14,15]120
6[16,4,2,20,24]120
1[17,5,14,6,23]120
5[3,23,2,24,21]120
5[23,20,13,12,7]120
3[11,24,14,15,2]120
4[23,3,12,21,10]120
1[8,11,5,12,14]120
6[10,13,4,19,8]120
1[19,5,10,8,7]120
6[23,8,17,16,19]120
6[23,17,5,18,22]120
6[13,12,24,22,5]120
2[11,12,18,22,8]120
2[20,15,6,24,23]120
2[4,19,8,9,18]120
4[1,17,11,7,13]120
3[2,5,16,23,17]120
4[22,7,18,12,5]120
2[18,4,9,6,1]120
3[19,23,1,18,10]120
1[15,23,14,2,10]120
1[5,2,21,22,13]120
2[4,12,18,13,1]120
5[23,1,14,11,22]120
2[3,5,22,12,11]120
3[12,15,2,23,13]120
2[16,15,14,24,3]120
1[16,4,7,11,2]120
6[2,21,19,1,10]120
1[19,10,12,18,20]120
6[8,15,20,21,3]120
6[1,20,19,9,21]120
4[20,13,9,5,21]120
6[5,18,9,20,8]120
6[21,15,14,20,16]120
5[8,24,14,10,2]120
1[13,2,21,19,22]120
3[22,15,23,6,1]120
5[13,2,23,3,1]120
3[4,10,11,7,12]120
2[14,24,18,1,15]120
6[1,19,13,24,16]120
6[5,3,2,1,7]120
6[16,10,4,7,15]120
4[7,13,16,19,15]120
5[3,23,22,10,24]120
3[10,16,9,21,2]120
6[17,5,3,19,20]120
2[19,9,15,21,6]120
1[24,7,20,16,22]120
5[18,6,13,11,22]120
3[5,16,19,23,8]120
1[13,17,9,12,15]120
1[12,23,3,4,11]120
4[13,18,16,20,10]120
2[12,17,14,7,21]120
4[13,22,6,17,1]120
3[20,4,10,12,16]120
4[24,10,7,17,9]120
6[17,2,15,21,20]120
4[6,8,14,5,23]120
6[9,3,8,19,17]120
1[18,9,21,7,5]120
3[10,15,23,22,20]120
5[21,9,14,8,4]120
6[19,20,14,24,15]120
1[19,18,3,7,22]120
2[12,18,19,22,1]120
3[24,6,16,18,5]120
6[11,14,2,1,8]120
1[13,10,15,8,14]120
2[7,22,20,11,9]120
4[2,22,1,24,18]120
5[14,15,24,12,10]120
4[16,7,1,23,21]120
5[12,7,2,21,3]120
4[20,15,14,5,9]120
3[2,19,14,11,8]120
6[12,11,4,22,2]120
6[1,5,15,2,3]120
1[6,10,17,22,23]120
6[11,4,3,10,24]120
1[15,13,10,11,12]120
1[11,3,24,23,8]120
6[10,2,11,19,22]120
1[16,2,5,23,19]120
