2[18,8,5,19,22]40
3[1,6,11,23,9]40
1[12,16,19,7,21]40
3[20,17,10,23,5]40
3[6,10,8,2,5]40
5[3,24,7,19,23]40
2[6,17,1,15,10]40
4[1,6,7,15,24]40
3[11,13,2,8,1]40
5[4,23,19,14,8]40
2[1,19,8,17,13]40
2[10,17,5,18,20]40
6[14,9,8,12,15]40
5[2,14,20,18,10]40
6[7,20,18,11,2]40
5[14,8,19,12,1]40
1[21,20,8,10,12]40
4[23,9,7,10,19]40
5[13,1,4,3,20]40
3[7,18,10,2,6]40
6[16,19,13,5,2]40
4[24,23,1,9,17]40
1[15,9,13,3,8]40
5[21,3,16,7,20]40
3[20,12,6,18,24]40
3[20,13,24,14,23]40
6[1,19,13,20,10]40
4[6,1,9,23,22]40
2[24,20,9,4,18]40
3[18,4,21,22,14]40
4[20,3,1,23,18]40
1[20,21,11,15,6]40
5[13,2,22,4,15]40
5[22,3,13,11,1]40
3[13,7,24,22,2]40
5[17,16,8,3,4]40
6[12,11,3,23,7]40
3[15,4,22,23,24]40
4[22,17,15,19,10]40
5[14,4,18,22,9]40
2[5,12,22,14,6]40
1[6,3,15,22,20]40
2[15,9,17,19,8]40
2[10,20,8,22,14]40
6[2,23,19,11,21]40
4[2,1,23,16,9]40
1[23,18,14,11,13]40
3[7,22,23,2,20]40
2[24,23,6,19,8]40
2[12,23,13,17,1]40
4[11,7,22,13,18]40
3[7,15,16,11,12]40
5[4,21,2,14,16]40
1[24,9,13,18,20]40
5[13,19,15,16,17]40
5[19,20,4,8,7]40
1[17,22,23,3,8]40
3[4,11,15,5,2]40
1[24,18,5,23,8]40
3[1,10,17,8,22]40
1[3,18,13,10,19]40
5[18,17,3,6,4]40
4[9,7,8,5,14]40
5[12,3,14,4,17]40
3[2,15,22,21,12]40
4[15,16,11,10,12]40
1[11,23,24,8,9]40
6[19,4,3,12,22]40
5[11,13,4,6,20]40
2[20,6,14,13,15]40
3[7,10,13,8,19]40
2[15,1,24,16,14]40
2[16,9,21,13,24]40
1[3,5,7,22,10]40
2[14,20,21,4,23]40
1[20,8,19,13,2]40
6[5,22,14,4,10]40
1[10,8,13,19,12]40
1[9,20,3,23,2]40
6[4,17,16,23,2]40
6[5,20,16,12,23]40
6[15,21,1,17,2]40
5[14,21,10,17,19]40
5[12,13,9,22,6]40
3[16,6,11,7,2]40
3[8,12,4,20,11]40
1[3,14,17,20,18]40
4[1,15,12,6,21]40
1[23,17,7,18,20]40
6[22,5,4,15,21]40
5[11,22,16,4,13]40
5[8,6,1,2,13]40
5[12,16,9,1,20]40
4[8,13,6,23,24]40
6[10,9,16,1,13]40
3[21,14,11,23,8]40
1[18,7,8,6,14]40
1[8,7,4,22,21]40
5[18,8,24,3,19]40
6[13,15,21,4,2]40
1[16,23,13,18,14]40
1[2,19,17,7,21]40
1[13,4,8,11,24]40
5[23,1,21,3,19]40
2[6,15,12,3,20]40
1[5,17,18,24,21]40
2[10,18,24,3,16]40
3[22,13,6,7,8]40
4[17,14,10,12,13]40
5[20,17,11,3,6]40
6[17,12,4,22,16]40
2[18,1,24,12,22]40
5[13,7,11,14,16]40
1[18,19,6,10,13]40
5[6,20,18,1,8]40
6[19,7,1,23,11]40
1[20,15,8,7,24]40
6[13,1,21,17,19]40
3[11,16,8,21,12]40
5[8,23,2,15,4]40
4[18,9,10,15,14]40
5[11,15,17,12,4]40
1[24,3,15,18,20]40
4[2,23,11,3,16]40
1[14,9,18,16,19]40
5[17,20,13,9,15]40
1[6,4,14,24,18]40
3[9,17,12,5,13]40
6[9,20,18,8,13]40
1[14,16,5,20,13]40
5[18,15,23,16,3]40
3[21,17,5,24,6]40
2[10,1,13,4,7]40
1[13,22,12,15,10]40
3[19,9,21,7,5]40
5[1,4,17,12,6]40
4[21,10,3,1,5]40
2[24,15,10,12,5]40
6[15,19,11,10,12]40
3[24,4,12,23,8]40
3[19,14,6,15,8]40
2[15,12,13,16,11]40
6[14,23,20,1,8]40
1[6,4,14,12,2]40
2[17,7,9,22,11]40
5[21,11,3,4,1]40
3[23,9,20,10,12]40
2[3,12,13,18,14]40
4[3,14,24,17,10]40
1[7,20,4,8,12]40
