3[6,15,5,20,7]80
6[11,17,16,22,3]80
5[14,4,6,2,24]80
6[14,4,22,23,16]80
2[8,1,18,12,6]80
1[2,16,22,19,20]80
5[16,6,19,13,12]80
2[18,16,1,5,15]80
6[17,14,9,16,12]80
4[14,17,10,9,15]80
6[15,9,1,20,11]80
5[4,6,3,14,8]80
1[7,17,23,13,10]80
1[20,12,7,18,3]80
6[15,8,18,1,5]80
5[22,13,15,8,12]80
5[8,4,1,6,18]80
3[23,19,7,18,6]80
1[23,4,18,14,2]80
6[15,14,24,2,23]80
5[3,1,2,11,7]80
5[1,22,24,8,11]80
4[1,5,10,2,12]80
3[21,19,24,23,18]80
1[16,6,12,11,7]80
2[22,6,21,8,15]80
4[13,8,19,24,7]80
1[3,15,18,8,11]80
5[8,16,13,21,22]80
5[12,15,10,8,9]80
4[12,6,15,23,19]80
4[16,7,6,10,24]80
2[16,3,24,14,15]80
2[20,24,19,13,11]80
6[3,8,5,11,7]80
2[8,12,22,11,3]80
2[18,17,8,7,3]80
3[23,24,11,21,6]80
1[22,21,20,7,8]80
5[6,9,12,3,20]80
1[20,15,5,12,6]80
1[2,5,15,4,14]80
4[7,23,16,19,14]80
2[12,9,1,4,7]80
5[23,22,14,16,17]80
4[22,7,8,14,21]80
5[24,20,15,6,7]80
4[13,10,24,18,17]80
3[12,20,13,23,19]80
4[24,20,19,10,2]80
2[17,7,19,13,22]80
2[15,8,7,20,23]80
1[22,8,17,10,21]80
6[19,9,21,23,14]80
4[1,2,21,13,23]80
1[10,19,24,9,6]80
2[12,21,13,20,4]80
4[5,17,13,18,14]80
5[13,15,12,7,16]80
3[11,1,16,5,4]80
1[17,16,4,13,20]80
3[11,18,2,8,12]80
6[19,3,12,16,1]80
5[6,7,17,15,3]80
5[12,1,15,20,6]80
2[8,23,6,24,1]80
3[7,8,5,12,2]80
6[20,24,18,4,23]80
6[22,2,10,3,5]80
1[21,2,10,13,24]80
1[5,15,18,16,11]80
1[8,7,16,20,21]80
2[13,5,6,12,15]80
3[18,16,10,14,21]80
6[3,17,7,15,1]80
1[8,23,13,10,14]80
3[18,2,13,20,24]80
2[14,16,5,24,12]80
4[11,2,15,24,21]80
3[1,8,19,24,14]80
4[5,6,9,23,11]80
6[13,3,14,23,5]80
1[18,23,3,11,15]80
6[9,7,14,24,1]80
4[7,21,1,24,17]80
2[14,8,12,21,10]80
4[12,10,19,7,21]80
2[16,3,5,18,15]80
4[18,14,10,24,7]80
3[11,24,5,15,10]80
2[12,16,14,19,3]80
2[15,13,3,1,4]80
3[2,19,11,16,14]80
5[17,13,14,10,19]80
3[7,15,14,22,8]80
1[12,5,20,3,23]80
4[9,21,16,8,2]80
3[22,18,9,20,10]80
4[18,9,8,19,17]80
6[20,14,1,21,7]80
1[22,23,2,7,3]80
6[4,20,21,17,22]80
4[1,11,8,18,3]80
3[24,8,1,17,4]80
6[15,24,11,14,18]80
3[11,21,24,6,22]80
4[12,19,15,17,8]80
4[18,17,3,5,1]80
1[14,23,5,7,17]80
1[15,16,3,8,20]80
5[22,2,19,13,21]80
6[14,4,5,22,1]80
1[7,12,2,17,14]80
4[3,11,19,5,17]80
6[9,17,1,4,15]80
1[18,2,22,12,14]80
4[17,14,6,13,10]80
1[20,15,17,10,22]80
2[18,14,17,7,19]80
2[19,21,11,6,14]80
6[9,7,11,14,12]80
3[17,20,11,23,2]80
5[6,14,2,15,19]80
2[15,16,6,21,7]80
1[19,15,24,10,16]80
3[12,19,20,7,15]80
5[17,13,15,18,14]80
3[11,1,5,8,20]80
2[8,17,10,1,14]80
1[6,24,16,9,18]80
1[21,24,6,17,5]80
2[17,19,3,18,16]80
5[10,24,21,14,8]80
2[21,13,3,22,19]80
6[9,10,24,3,13]80
4[8,21,22,20,2]80
6[13,3,5,22,11]80
5[12,6,24,2,18]80
4[15,18,11,9,23]80
4[14,2,23,9,24]80
5[2,14,23,12,3]80
1[11,10,5,8,4]80
5[1,20,23,24,4]80
5[4,18,8,13,6]80
1[13,18,9,14,3]80
1[14,11,7,10,17]80
1[8,12,24,18,6]80
2[21,1,24,18,13]80
4[5,10,2,21,12]80
6[19,21,12,11,17]80
