6[10,5,2,7,11]80
1[11,5,7,6,8]80
5[7,4,2,8,6]80
1[2,5,11,8,7]80
6[8,7,9,10,4]80
3[8,7,4,11,5]80
5[3,1,7,6,10]80
4[6,1,8,7,3]80
6[7,1,8,4,2]80
6[3,2,9,7,10]80
3[10,9,5,1,6]80
5[4,1,10,6,11]80
4[8,1,3,6,2]80
4[1,8,5,7,6]80
5[3,1,2,4,7]80
1[5,6,8,2,10]80
5[10,6,9,4,1]80
5[2,8,6,4,7]80
6[7,4,8,2,9]80
5[7,1,6,8,3]80
2[3,8,10,9,6]80
3[7,10,6,11,5]80
1[8,11,7,6,3]80
5[11,10,1,4,8]80
4[7,8,5,9,6]80
5[1,10,2,7,4]80
4[7,1,10,9,2]80
5[7,11,10,2,4]80
4[1,11,2,8,6]80
1[4,10,6,2,3]80
1[2,3,8,5,7]80
1[6,2,3,5,11]80
3[2,5,9,7,10]80
3[9,10,11,4,5]80
4[2,7,8,5,6]80
2[11,9,10,7,6]80
3[9,8,1,11,2]80
1[8,2,5,10,4]80
3[11,1,5,4,10]80
1[4,6,5,3,11]80
6[10,7,1,2,9]80
3[8,7,6,2,1]80
5[9,8,2,4,10]80
4[5,9,8,6,2]80
6[9,7,3,11,5]80
5[4,11,7,3,2]80
2[6,8,1,4,10]80
5[3,6,11,4,9]80
4[2,1,11,8,5]80
2[10,7,4,9,8]80
1[9,6,3,2,8]80
2[5,7,8,1,10]80
5[8,7,3,10,4]80
6[4,1,7,10,5]80
5[9,2,6,7,1]80
6[1,9,5,8,3]80
1[7,3,8,9,11]80
4[1,2,7,8,9]80
4[11,2,10,1,5]80
1[11,4,2,6,3]80
5[4,1,3,10,2]80
4[5,2,8,7,10]80
5[7,1,8,4,9]80
6[7,2,3,11,8]80
3[6,4,7,11,2]80
5[9,4,3,11,10]80
3[1,11,7,8,6]80
2[6,3,5,4,1]80
6[8,4,7,1,11]80
1[5,9,3,2,6]80
5[8,7,11,3,1]80
1[10,6,5,2,9]80
5[7,9,10,6,3]80
6[2,11,5,10,7]80
3[9,5,8,7,6]80
2[8,5,11,6,7]80
1[11,6,8,3,4]80
3[7,11,6,9,2]80
4[9,2,10,8,6]80
2[8,4,9,3,6]80
5[10,6,2,9,11]80
5[1,6,2,11,10]80
6[3,11,7,5,2]80
5[4,3,2,7,9]80
4[10,7,9,1,5]80
3[6,11,4,1,5]80
6[11,10,8,9,5]80
1[8,9,4,3,5]80
3[2,1,10,11,7]80
2[6,5,8,10,7]80
3[2,1,9,4,10]80
4[7,8,5,3,1]80
6[9,11,5,4,8]80
1[6,4,9,3,11]80
2[4,6,1,8,3]80
4[5,11,8,6,9]80
6[9,2,3,1,10]80
5[3,9,7,4,6]80
3[9,8,4,10,11]80
5[3,4,2,11,10]80
5[1,11,3,4,2]80
6[11,7,10,9,8]80
2[11,10,1,9,8]80
1[2,9,3,8,5]80
3[5,9,8,11,7]80
4[7,9,1,6,8]80
1[4,10,9,7,3]80
3[5,2,9,11,4]80
4[5,11,1,3,8]80
4[3,1,8,7,5]80
1[2,7,4,8,3]80
4[11,2,10,1,6]80
3[8,9,6,10,7]80
2[5,11,8,7,1]80
2[1,8,9,6,7]80
3[6,4,2,1,11]80
5[4,9,7,2,3]80
2[9,3,1,11,10]80
6[5,4,10,9,11]80
4[7,10,6,11,8]80
6[11,10,3,2,1]80
3[2,10,9,5,6]80
3[8,9,1,4,5]80
6[1,3,5,7,10]80
1[6,7,3,5,10]80
4[1,11,7,6,2]80
4[1,3,6,9,11]80
2[3,6,8,7,9]80
6[1,10,3,2,5]80
5[6,11,8,1,4]80
6[11,10,7,1,5]80
1[5,3,7,6,10]80
6[4,7,1,2,5]80
6[10,8,5,2,1]80
4[6,11,10,7,8]80
2[4,11,10,7,5]80
4[11,9,7,1,2]80
6[10,7,8,2,3]80
6[2,5,8,11,9]80
6[1,4,9,10,11]80
4[5,3,9,1,6]80
3[9,5,7,10,4]80
3[11,2,5,9,4]80
5[9,2,6,3,8]80
1[5,10,2,7,4]80
3[10,8,4,5,1]80
2[10,1,5,3,7]80
6[1,10,8,3,9]80
1[6,2,7,3,8]80
2[5,6,9,7,8]80
