1[10,2,5,7,8]120
6[4,7,3,5,1]120
6[7,1,4,9,3]120
5[6,3,8,10,2]120
2[4,7,6,8,3]120
4[5,9,1,6,3]120
3[1,4,5,7,2]120
1[9,5,11,4,10]120
4[6,10,1,7,3]120
4[9,8,11,10,5]120
6[11,4,2,5,1]120
5[4,10,3,11,1]120
6[7,9,4,11,5]120
2[10,6,1,4,7]120
6[3,10,9,7,2]120
6[8,9,1,4,11]120
6[4,8,9,3,7]120
4[2,5,9,1,10]120
2[9,1,5,10,4]120
6[7,3,11,9,1]120
3[4,2,11,1,10]120
6[9,3,11,1,7]120
6[5,8,2,7,1]120
5[3,9,1,8,11]120
3[6,4,1,8,9]120
4[3,1,6,10,9]120
4[6,11,8,2,3]120
2[5,3,4,8,11]120
1[2,4,7,3,11]120
3[5,4,10,6,9]120
3[11,1,5,8,2]120
5[1,4,8,7,6]120
2[1,3,4,9,8]120
6[8,9,10,1,4]120
1[10,2,4,7,5]120
1[4,11,10,9,8]120
6[2,8,3,9,11]120
3[5,10,4,7,6]120
2[8,1,11,5,3]120
3[11,6,7,8,2]120
6[11,2,8,1,5]120
1[2,7,11,5,9]120
6[1,11,8,7,5]120
1[10,7,3,9,8]120
5[9,6,10,4,11]120
6[1,9,7,2,5]120
1[8,9,2,11,4]120
2[1,8,11,3,7]120
2[1,7,9,5,10]120
6[8,10,7,3,1]120
1[9,7,3,10,5]120
6[10,4,8,9,3]120
4[11,2,5,7,1]120
4[5,9,3,2,10]120
1[7,6,8,5,3]120
4[5,9,7,11,10]120
5[6,2,11,4,8]120
4[3,9,11,5,10]120
6[9,3,4,7,2]120
6[1,10,4,11,7]120
6[7,5,8,2,4]120
6[4,3,7,11,1]120
1[10,11,3,7,6]120
2[7,11,4,8,3]120
6[5,4,3,7,11]120
1[2,9,6,11,5]120
5[2,9,1,10,11]120
5[3,4,1,8,9]120
3[7,9,5,6,2]120
4[9,2,11,6,10]120
1[3,6,10,5,2]120
6[3,9,11,5,10]120
1[9,5,10,6,7]120
6[11,2,3,4,7]120
6[1,8,5,10,2]120
6[11,7,8,5,9]120
2[10,3,8,4,7]120
2[4,8,6,1,5]120
2[6,11,5,3,1]120
4[2,1,8,11,9]120
3[7,6,2,4,5]120
4[7,8,1,9,6]120
2[11,9,1,3,10]120
3[10,1,4,11,2]120
1[6,7,5,2,4]120
1[11,4,2,8,5]120
2[10,7,9,6,8]120
5[2,10,11,6,8]120
2[11,5,4,10,8]120
3[9,10,8,11,7]120
2[11,9,10,5,8]120
1[11,10,4,6,9]120
6[11,2,4,1,10]120
1[11,5,6,10,8]120
6[7,8,11,3,2]120
6[10,5,9,1,3]120
4[1,10,2,5,11]120
6[9,10,4,3,11]120
6[7,11,1,3,9]120
5[11,3,1,4,10]120
1[9,4,3,2,5]120
3[5,6,9,10,7]120
5[2,1,9,3,4]120
3[6,7,2,8,5]120
2[1,11,6,3,8]120
6[7,8,10,1,3]120
6[2,3,1,8,11]120
6[3,8,1,4,7]120
4[3,2,5,11,8]120
5[3,4,8,2,6]120
3[8,11,9,4,1]120
6[1,5,11,7,10]120
2[8,4,3,5,9]120
1[11,10,7,6,4]120
5[9,2,11,8,10]120
3[10,4,7,8,6]120
1[7,3,11,8,10]120
1[5,9,11,10,6]120
4[6,9,3,11,8]120
2[5,6,11,9,10]120
4[5,7,2,9,6]120
3[5,8,1,7,4]120
4[2,5,9,10,3]120
6[5,2,1,3,7]120
4[6,7,5,9,1]120
6[11,7,9,1,3]120
1[10,8,11,3,6]120
3[7,4,1,5,8]120
5[11,8,4,6,3]120
6[2,10,8,1,9]120
1[8,3,11,6,2]120
2[1,9,8,7,5]120
3[2,8,7,10,11]120
6[9,4,10,11,2]120
1[6,4,8,11,9]120
2[5,8,3,11,4]120
4[2,9,8,5,3]120
5[9,2,7,4,11]120
4[8,6,10,7,1]120
5[7,9,3,10,11]120
4[7,1,2,9,5]120
3[10,6,1,8,9]120
6[1,8,3,11,7]120
6[7,11,2,4,5]120
1[4,8,10,6,9]120
6[2,1,8,4,5]120
1[4,11,10,8,9]120
1[10,3,7,11,9]120
6[8,7,1,2,3]120
1[10,7,3,9,6]120
