1[14,8,4,5,11]120
6[11,5,1,4,2]120
6[7,9,3,2,13]120
5[14,13,6,3,2]120
2[1,4,5,13,9]120
4[8,5,3,9,2]120
3[7,10,2,5,12]120
1[11,5,10,13,8]120
4[6,10,9,2,13]120
4[14,5,7,6,8]120
6[9,1,14,7,5]120
5[11,13,2,6,7]120
6[1,9,10,14,5]120
2[14,6,3,8,10]120
6[14,9,12,4,7]120
6[12,8,2,3,10]120
6[1,4,11,5,2]120
4[11,7,6,10,8]120
2[8,9,6,4,13]120
6[1,11,12,14,9]120
3[2,10,13,1,6]120
6[1,8,5,4,12]120
6[11,7,1,9,12]120
5[9,8,14,13,3]120
3[7,8,6,5,1]120
4[7,1,3,12,13]120
4[9,11,5,7,13]120
2[1,7,10,8,5]120
1[7,13,5,9,4]120
3[1,8,14,2,9]120
3[14,5,10,7,1]120
5[2,4,1,13,7]120
2[1,3,9,11,4]120
6[5,1,3,10,11]120
1[8,2,7,10,4]120
1[9,4,12,5,10]120
6[2,8,4,13,10]120
3[14,9,8,7,13]120
2[5,9,10,11,1]120
3[7,6,2,14,4]120
6[11,2,3,14,13]120
1[9,10,6,13,3]120
6[13,3,9,4,11]120
1[2,14,4,5,9]120
5[2,3,14,10,13]120
6[13,8,14,2,4]120
1[11,5,9,12,3]120
2[13,10,4,7,11]120
2[8,6,10,4,3]120
6[12,2,11,9,10]120
1[14,10,13,6,12]120
6[14,1,3,7,13]120
4[7,6,13,11,10]120
4[5,12,9,2,3]120
1[7,13,9,6,3]120
4[14,1,2,7,13]120
5[14,6,13,8,1]120
4[6,1,11,10,5]120
6[11,7,1,10,8]120
6[2,10,3,5,8]120
6[12,2,14,8,4]120
6[2,14,11,10,5]120
1[4,5,11,3,2]120
2[6,8,1,4,10]120
6[7,4,11,9,14]120
1[6,5,7,8,4]120
5[1,2,14,13,6]120
5[12,10,1,2,11]120
3[9,5,6,2,13]120
4[1,13,10,11,8]120
1[3,9,5,12,11]120
6[9,1,5,8,11]120
1[8,12,6,9,2]120
6[2,13,4,7,14]120
6[14,7,9,5,4]120
6[2,11,3,13,4]120
2[8,3,14,11,10]120
2[1,14,4,13,11]120
2[9,11,6,8,5]120
4[14,1,7,8,12]120
3[4,7,1,13,12]120
4[5,14,13,12,6]120
2[11,13,4,6,5]120
3[1,2,11,9,12]120
1[5,13,4,2,12]120
1[9,11,13,10,3]120
2[8,7,10,14,6]120
5[13,12,9,11,6]120
2[7,1,14,12,8]120
3[6,13,4,12,9]120
2[5,10,8,14,13]120
1[11,4,2,12,9]120
6[5,13,9,1,4]120
1[12,2,14,7,4]120
6[7,3,2,11,4]120
6[14,9,7,10,12]120
4[7,10,8,5,11]120
6[12,2,4,9,14]120
6[13,7,14,9,5]120
5[14,7,3,11,9]120
1[13,4,3,9,7]120
3[11,12,7,6,10]120
5[9,4,3,2,1]120
3[10,9,2,7,14]120
2[14,7,6,1,11]120
6[14,10,12,13,5]120
6[9,13,2,1,10]120
6[3,11,12,7,9]120
4[12,13,9,6,5]120
5[4,11,14,10,7]120
3[9,14,11,8,1]120
6[5,1,14,8,10]120
2[11,7,8,10,12]120
1[7,8,4,6,11]120
5[2,13,14,11,8]120
3[13,14,6,11,9]120
1[11,13,4,14,5]120
1[11,8,3,4,7]120
4[14,11,3,8,2]120
2[11,8,3,9,14]120
4[5,2,8,7,11]120
3[7,11,9,13,12]120
4[13,3,14,6,11]120
6[8,10,3,11,7]120
4[1,10,3,7,2]120
6[11,10,12,5,13]120
1[2,6,12,9,11]120
3[13,10,7,12,8]120
5[13,11,3,9,14]120
6[4,10,14,13,11]120
1[11,6,12,7,2]120
2[11,12,14,9,4]120
3[1,5,7,9,6]120
6[2,5,13,1,12]120
1[11,4,5,10,8]120
2[13,7,11,12,6]120
4[8,5,13,14,11]120
5[13,12,7,1,4]120
4[9,10,3,13,1]120
5[7,4,1,11,14]120
4[2,12,13,6,11]120
3[14,6,9,12,7]120
6[13,14,11,9,4]120
6[2,14,9,1,10]120
1[6,14,13,10,11]120
6[10,4,5,11,13]120
1[4,14,7,12,5]120
1[14,3,7,13,12]120
6[9,14,4,7,1]120
1[12,10,13,11,8]120
