5[4,6,3]120
2[3,5,4]120
2[1,5,3]120
3[4,2,5]120
4[6,5,1]120
2[4,5,3]120
5[4,6,3]120
5[6,3,2]120
6[1,4,2]120
2[3,6,4]120
6[5,4,1]120
6[5,3,2]120
4[6,2,1]120
6[1,4,3]120
4[5,3,1]120
2[6,5,3]120
2[1,6,5]120
5[3,1,2]120
1[5,3,4]120
6[3,1,5]120
5[1,4,6]120
3[5,2,4]120
5[2,3,6]120
3[4,2,1]120
5[2,4,1]120
3[6,5,4]120
1[5,6,3]120
6[2,1,5]120
4[5,2,3]120
3[5,6,1]120
1[3,6,5]120
4[3,1,6]120
1[6,5,3]120
3[2,5,6]120
1[2,3,5]120
1[5,3,4]120
4[1,5,2]120
1[3,2,5]120
4[1,5,6]120
6[1,2,3]120
3[6,4,5]120
1[6,5,4]120
5[1,4,6]120
4[5,3,1]120
2[5,3,6]120
4[3,1,5]120
2[6,3,5]120
5[2,3,1]120
5[4,6,2]120
2[1,3,6]120
6[3,1,2]120
2[3,4,6]120
5[4,6,2]120
5[2,6,4]120
4[3,1,6]120
6[2,5,4]120
2[1,5,3]120
2[4,1,5]120
3[2,5,4]120
3[2,4,6]120
6[5,3,1]120
3[1,5,2]120
2[3,6,5]120
2[4,5,1]120
4[6,5,1]120
2[6,5,3]120
1[4,2,3]120
6[1,4,5]120
4[6,5,1]120
6[1,5,4]120
5[6,3,1]120
6[1,5,3]120
3[1,5,6]120
5[3,1,6]120
3[1,5,2]120
5[3,6,4]120
4[3,5,6]120
1[4,6,2]120
5[2,3,4]120
1[2,3,4]120
2[1,3,5]120
6[4,2,1]120
4[3,1,6]120
2[5,4,3]120
2[4,1,3]120
4[1,6,3]120
6[1,2,4]120
1[3,6,2]120
2[4,6,1]120
4[5,2,1]120
2[6,4,3]120
2[3,5,6]120
1[3,6,2]120
6[5,2,3]120
5[4,1,3]120
3[1,5,4]120
5[4,2,6]120
1[6,2,5]120
6[2,3,5]120
2[4,6,1]120
2[3,4,6]120
5[3,6,1]120
5[3,6,4]120
6[5,4,1]120
1[6,2,4]120
2[1,6,5]120
4[6,5,3]120
4[6,3,5]120
6[1,2,4]120
1[4,2,6]120
6[3,4,5]120
3[5,2,1]120
1[4,5,2]120
5[2,1,6]120
6[5,2,3]120
4[3,2,6]120
6[3,4,2]120
4[1,6,5]120
6[3,4,2]120
5[2,6,1]120
1[6,4,3]120
1[3,2,6]120
3[2,1,4]120
1[3,4,6]120
1[4,5,2]120
3[6,4,1]120
4[1,3,2]120
1[4,6,2]120
6[5,4,3]120
2[5,6,4]120
2[6,4,5]120
3[2,5,1]120
2[3,1,6]120
2[3,1,6]120
2[5,3,4]120
6[5,1,2]120
1[6,5,3]120
5[4,3,6]120
2[4,3,1]120
1[5,3,6]120
5[3,6,2]120
3[2,4,6]120
1[5,2,4]120
3[5,4,1]120
3[4,2,5]120
5[1,6,4]120
4[1,2,5]120
4[3,1,6]120
1[4,3,5]120
1[3,4,6]120
