1[16,14,15,23,21]80
3[13,21,12,7,15]40
4[7,24,21,13,18]40
2[6,23,8,21,1]160
5[14,18,22,3,12]120
5[21,12,9,23,16]120
5[4,19,7,2,1]80
1[8,20,21,6,14]120
4[3,24,12,16,17]40
1[14,13,21,17,3]160
6[11,14,5,3,20]120
2[1,13,23,20,24]40
2[20,14,13,19,9]120
2[19,11,10,14,3]80
2[13,21,10,14,24]160
3[8,23,9,5,12]80
5[17,11,2,14,22]80
6[11,19,4,2,15]80
3[13,8,17,22,4]40
3[11,6,9,20,1]120
4[17,6,21,9,12]40
5[24,12,19,20,2]80
3[22,20,17,2,9]120
4[24,6,10,21,9]40
2[16,8,19,13,24]80
5[14,19,9,17,22]80
1[16,13,6,7,2]40
2[14,9,16,11,4]160
6[3,20,11,23,4]40
6[15,16,17,14,3]80
6[19,12,2,18,21]160
6[21,11,1,20,18]80
4[6,5,23,19,10]120
6[1,20,13,19,12]120
6[3,19,5,24,15]160
5[3,23,2,24,21]120
1[16,2,21,4,6]120
4[6,24,16,8,15]80
4[15,11,22,2,17]120
4[8,20,11,12,6]120
6[14,18,11,3,23]120
6[23,8,17,16,19]160
3[17,20,14,12,19]80
3[6,9,11,22,7]80
6[14,13,9,3,15]80
6[1,18,21,15,20]160
1[14,18,2,3,21]80
3[2,5,16,23,17]120
2[7,13,6,20,5]160
5[19,20,24,3,23]80
4[20,10,18,6,14]40
5[8,17,4,21,22]160
2[6,19,4,14,20]80
5[23,1,14,11,22]40
6[24,12,8,1,3]80
5[6,3,18,20,1]160
4[1,20,6,24,15]160
2[15,5,8,4,12]120
6[16,20,14,13,4]40
6[8,15,20,21,3]40
3[17,19,1,8,11]160
2[17,5,18,10,14]120
4[13,9,3,20,5]80
1[9,8,17,3,13]40
6[24,7,3,17,15]160
3[22,15,23,6,1]120
6[21,15,9,13,8]120
2[4,17,5,18,19]120
4[19,7,8,9,14]80
2[14,13,5,15,1]120
6[19,16,3,15,10]40
4[7,13,16,19,15]120
3[22,12,18,24,16]120
6[12,1,19,3,24]40
6[12,22,9,20,18]40
3[22,23,13,16,4]80
3[12,24,22,5,13]80
3[5,16,19,23,8]80
4[19,15,13,2,6]120
1[22,13,18,14,3]80
5[9,6,11,18,17]80
2[12,16,19,11,20]160
3[13,20,24,1,9]80
4[24,10,7,17,9]80
3[22,4,17,24,2]80
2[16,9,15,20,7]40
3[22,9,1,23,8]40
4[10,6,16,21,18]160
3[19,7,5,6,4]120
6[19,20,14,24,15]40
3[5,22,20,17,12]40
4[2,22,17,5,9]120
5[7,10,21,11,17]120
1[16,4,9,23,7]120
5[8,2,15,3,14]120
4[2,22,1,24,18]80
4[3,19,12,13,20]40
2[9,19,15,21,22]40
5[18,15,8,7,22]160
4[8,6,16,21,24]40
5[18,19,21,7,20]40
6[1,5,15,2,3]160
3[20,12,5,21,9]120
4[7,9,2,1,5]160
6[2,5,19,12,23]160
2[5,3,4,20,22]40
1[23,4,11,8,3]120
5[15,12,11,6,2]80
6[1,11,19,2,17]80
3[19,11,12,6,1]80
1[10,3,24,19,5]80
2[15,20,4,21,24]160
5[20,18,17,7,15]120
3[22,17,24,23,11]40
1[18,12,22,21,24]40
2[5,8,7,20,16]40
5[14,23,4,17,13]40
2[24,18,19,10,14]120
2[14,6,12,13,24]160
2[11,24,5,13,23]160
1[15,24,10,9,16]40
3[19,24,18,4,6]80
4[14,21,8,11,16]160
5[10,6,13,9,2]120
4[20,13,22,10,15]120
5[9,21,20,19,1]80
1[7,23,20,17,9]80
2[20,15,21,4,8]80
4[1,14,13,10,5]40
3[2,1,22,14,7]40
1[19,20,22,8,9]120
1[12,7,23,19,4]40
6[22,11,23,21,14]40
4[22,11,15,17,24]120
5[16,9,22,6,4]80
3[14,24,22,8,1]40
4[19,16,22,11,10]120
6[10,20,17,7,2]80
2[9,18,20,4,3]40
1[23,8,6,13,12]80
6[13,7,9,23,3]160
5[22,15,8,18,11]80
4[11,3,19,12,14]120
3[5,9,22,24,2]160
2[21,16,13,12,19]40
6[11,17,24,15,19]120
6[24,16,10,14,12]40
2[1,8,5,10,23]120
4[9,13,16,5,12]80
3[24,14,21,17,6]40
