6[14,1,11,4,3]120
3[10,13,14,11,1]120
5[4,14,9,8,2]120
4[2,13,1,3,7]120
4[2,8,3,6,12]120
5[8,2,12,13,7]120
4[3,9,6,13,5]120
4[8,10,1,12,13]120
6[2,8,12,10,1]120
3[14,8,9,10,1]120
4[14,12,6,8,5]120
2[8,7,13,12,9]120
5[6,2,13,3,9]120
5[10,11,7,8,1]120
2[14,10,1,8,4]120
6[5,8,9,1,2]120
3[4,10,14,5,11]120
1[6,13,9,3,11]120
2[3,9,11,6,1]120
2[3,12,10,4,8]120
6[7,5,2,13,1]120
4[7,12,9,10,13]120
4[14,13,5,8,2]120
2[14,12,10,5,9]120
1[7,14,2,6,5]120
6[10,14,13,4,2]120
6[14,3,13,5,7]120
1[8,13,3,9,11]120
4[10,2,11,7,6]120
2[12,10,3,9,8]120
1[13,6,12,14,9]120
1[5,8,6,3,7]120
1[9,14,3,13,2]120
1[5,9,4,2,12]120
3[6,2,1,14,11]120
5[4,13,1,11,6]120
3[14,13,5,1,7]120
3[10,8,7,1,2]120
5[4,8,3,9,2]120
2[14,3,8,5,12]120
3[8,2,10,6,7]120
3[14,5,6,2,11]120
2[12,11,6,14,4]120
3[13,1,14,6,4]120
3[12,13,11,7,1]120
5[1,7,8,4,6]120
1[10,7,9,2,11]120
3[1,8,14,9,5]120
4[5,8,3,1,2]120
3[11,2,13,4,10]120
6[14,2,13,10,11]120
6[11,10,5,2,12]120
3[14,6,12,1,9]120
4[1,7,13,9,3]120
6[3,14,11,12,5]120
3[8,11,12,1,4]120
3[13,8,2,10,4]120
4[8,3,13,2,5]120
2[8,12,1,13,7]120
2[6,8,4,12,3]120
6[2,3,5,11,12]120
2[11,4,10,13,7]120
4[9,8,11,1,12]120
3[2,4,14,13,11]120
4[3,6,10,1,14]120
4[3,13,14,7,10]120
5[9,11,13,2,1]120
4[13,11,2,12,6]120
6[11,3,12,1,10]120
4[1,6,3,12,11]120
2[6,3,9,13,14]120
6[8,13,4,12,10]120
6[9,3,7,4,8]120
2[3,11,14,13,10]120
5[12,10,8,11,7]120
1[4,14,5,10,2]120
1[4,3,11,7,6]120
4[1,11,3,12,10]120
6[9,10,14,4,8]120
2[10,1,8,14,13]120
3[11,6,2,12,10]120
5[7,3,4,12,2]120
5[11,7,6,8,13]120
3[6,14,7,8,11]120
2[11,13,5,8,7]120
4[1,14,3,6,5]120
2[13,9,12,7,5]120
1[3,12,6,14,8]120
6[5,9,12,3,7]120
2[5,7,4,13,11]120
1[6,8,5,9,3]120
1[13,5,8,10,9]120
3[12,4,5,2,7]120
6[4,10,14,11,12]120
4[12,10,14,5,13]120
3[1,14,11,9,7]120
2[1,11,6,4,12]120
6[2,3,1,8,9]120
1[7,11,2,10,12]120
1[8,10,5,3,4]120
2[14,13,11,12,1]120
2[5,14,13,3,11]120
4[5,13,12,14,8]120
1[9,10,4,2,3]120
1[12,11,13,8,6]120
3[11,10,9,12,4]120
4[14,7,5,13,12]120
2[6,8,13,10,9]120
4[12,1,13,3,9]120
6[3,14,12,1,13]120
2[7,9,10,5,12]120
5[14,9,6,8,1]120
1[9,11,7,2,14]120
4[3,6,9,11,2]120
1[3,5,10,7,9]120
5[2,12,8,3,13]120
5[13,11,10,1,2]120
6[11,5,8,14,10]120
4[1,3,7,6,2]120
1[12,3,11,6,10]120
5[3,10,7,1,6]120
6[8,13,12,3,7]120
3[9,14,13,10,6]120
5[8,7,11,4,6]120
5[4,1,3,6,13]120
3[7,14,9,11,6]120
4[12,2,13,7,8]120
4[11,3,7,12,8]120
4[9,14,5,12,1]120
4[5,1,11,2,12]120
1[10,4,14,6,11]120
3[11,1,12,5,7]120
5[3,2,9,8,14]120
1[13,4,7,6,5]120
4[13,1,6,3,14]120
1[9,10,3,14,11]120
4[14,7,2,1,8]120
3[8,14,4,12,7]120
6[13,14,5,7,4]120
4[9,13,8,10,3]120
6[2,3,14,4,12]120
2[8,12,10,5,3]120
1[6,14,11,4,3]120
4[9,6,1,11,5]120
4[3,2,13,10,14]120
4[13,9,7,6,5]120
5[11,2,3,12,6]120
3[6,4,10,13,9]120
4[13,12,10,2,7]120
2[8,7,14,9,11]120
3[1,7,13,9,8]120
3[4,12,14,9,13]120
1[2,9,12,8,5]120
6[2,10,3,4,14]120
6[14,12,7,3,8]120
6[1,9,8,10,3]120
1[13,2,14,7,6]120
1[5,10,11,4,12]120
2[14,8,6,3,9]120
4[10,14,1,12,13]120
4[8,5,6,14,2]120
3[14,11,10,12,8]120
5[8,7,13,12,4]120
5[7,12,10,2,13]120
4[10,1,3,13,12]120
1[4,12,8,11,10]120
4[8,11,1,12,6]120
5[12,3,13,6,2]120
5[9,13,8,10,6]120
2[5,8,12,9,7]120
3[6,5,9,7,10]120
4[11,14,10,12,1]120
5[6,1,9,8,7]120
5[3,4,11,7,10]120
4[2,12,14,9,6]120
5[6,2,7,11,9]120
2[8,10,3,13,14]120
5[3,4,14,9,12]120
2[13,1,9,5,8]120
4[8,9,11,12,3]120
4[14,5,8,1,13]120
1[4,3,7,10,13]120
3[6,7,4,14,11]120
1[3,10,2,9,14]120
4[7,3,8,2,11]120
2[13,5,3,14,9]120
3[11,13,4,1,5]120
4[12,3,14,7,5]120
6[4,8,5,14,10]120
2[8,9,13,5,6]120
2[7,12,11,14,10]120
3[7,10,5,6,14]120
2[8,11,6,5,12]120
3[10,4,9,5,14]120
1[13,4,5,3,14]120
2[5,3,6,11,13]120
2[11,10,7,6,3]120
5[4,14,8,11,12]120
4[7,8,11,5,1]120
5[12,6,4,13,8]120
