6[20,14,17,19,15]80
6[1,2,10,17,4]80
4[23,3,7,11,10]80
2[12,24,8,9,1]80
1[21,15,4,23,24]80
4[15,7,20,16,13]80
5[19,15,23,20,17]80
2[17,12,15,16,4]80
2[8,20,5,22,14]80
4[9,6,17,1,2]80
2[1,19,22,23,9]80
5[14,22,9,17,20]80
3[19,13,18,21,22]80
3[24,17,8,2,4]80
4[12,14,13,11,21]80
5[23,17,12,10,11]80
3[18,16,24,5,12]80
2[23,8,5,13,19]80
1[16,22,17,8,12]80
3[15,14,5,1,23]80
2[13,3,4,8,6]80
6[20,5,12,15,18]80
4[20,17,18,1,19]80
1[5,11,2,6,14]80
2[13,9,11,7,12]80
6[10,20,16,23,8]80
6[4,3,24,7,22]80
3[17,24,20,21,5]80
2[15,7,19,4,14]80
2[15,22,23,18,16]80
3[6,13,19,14,22]80
2[15,11,20,9,18]80
5[7,12,21,2,1]80
4[23,14,16,2,5]80
2[3,13,5,8,1]80
3[1,14,17,20,19]80
5[12,23,18,6,10]80
1[14,23,11,8,5]80
3[8,14,21,20,9]80
2[24,4,18,23,17]80
1[4,11,13,20,5]80
6[14,16,7,3,2]80
1[5,11,14,20,4]80
6[7,14,20,23,17]80
4[24,8,20,16,13]80
3[19,14,4,8,11]80
6[12,3,5,15,18]80
1[6,14,11,8,16]80
6[10,7,23,9,17]80
4[10,22,12,15,6]80
4[10,24,20,5,12]80
4[7,19,5,15,8]80
5[2,21,17,8,22]80
2[7,16,3,5,17]80
5[15,22,7,10,24]80
1[21,7,8,6,22]80
2[23,6,10,21,18]80
3[16,17,24,10,1]80
2[1,10,3,13,8]80
5[6,11,21,20,17]80
1[24,15,21,16,19]80
2[3,14,13,11,17]80
1[24,21,17,12,8]80
3[14,15,8,19,22]80
5[11,13,8,23,22]80
6[11,2,24,12,17]80
3[18,8,7,12,4]80
4[5,10,7,2,8]80
3[13,19,7,18,21]80
3[24,12,22,2,5]80
6[10,17,22,23,11]80
3[16,5,15,17,24]80
1[11,16,18,22,6]80
3[23,18,5,12,7]80
6[18,11,2,24,9]80
4[8,6,1,20,9]80
6[11,5,9,3,12]80
1[9,2,19,14,16]80
2[5,4,11,10,1]80
5[4,2,6,16,3]80
6[15,10,2,13,17]80
6[22,5,8,11,24]80
3[14,2,8,16,7]80
1[11,2,21,8,10]80
3[7,8,15,22,24]80
6[16,24,23,12,10]80
6[4,23,16,21,22]80
1[17,2,10,24,12]80
4[10,12,20,6,1]80
3[18,4,13,16,19]80
2[17,24,1,10,8]80
2[11,10,19,6,12]80
5[19,14,12,10,16]80
3[5,2,17,6,1]80
6[3,21,13,14,8]80
1[3,24,18,6,9]80
5[8,20,23,18,1]80
6[16,20,13,21,11]80
5[12,18,11,10,16]80
3[21,15,11,7,18]80
3[13,5,1,12,10]80
1[15,24,13,4,22]80
4[1,17,24,7,18]80
2[7,22,13,23,17]80
3[24,23,17,21,13]80
6[23,22,14,2,8]80
6[18,12,21,8,14]80
5[9,11,1,10,20]80
6[14,17,10,3,9]80
2[3,16,19,22,17]80
5[14,19,9,18,2]80
6[9,15,10,8,18]80
1[6,14,17,15,11]80
2[6,10,19,5,1]80
5[22,9,21,8,18]80
4[6,22,24,14,13]80
1[16,5,9,11,18]80
4[10,19,15,20,16]80
1[17,11,16,5,6]80
1[2,9,17,6,12]80
1[3,24,16,23,4]80
2[11,24,3,4,1]80
2[14,4,11,23,13]80
3[17,21,6,18,14]80
5[9,23,10,8,20]80
4[1,10,19,8,22]80
3[11,19,14,23,20]80
3[10,23,21,7,8]80
3[18,6,7,4,17]80
4[12,23,3,21,19]80
3[21,18,23,8,16]80
2[16,13,6,23,8]80
6[19,11,12,21,22]80
2[13,8,12,6,15]80
4[11,15,6,13,1]80
6[1,12,4,9,15]80
5[15,19,4,20,18]80
6[17,18,20,23,5]80
6[14,22,24,7,9]80
2[16,22,20,24,10]80
3[23,21,17,8,14]80
4[22,3,9,8,5]80
2[3,17,4,18,14]80
4[9,13,22,15,1]80
2[21,8,11,1,19]80
6[9,21,23,7,15]80
4[6,1,10,21,3]80
1[9,14,5,11,17]80
6[23,5,21,13,22]80
4[22,14,20,16,24]80
3[9,16,19,15,24]80
1[17,13,22,3,6]80
1[4,24,23,12,16]80
3[22,14,4,15,19]80
6[3,13,16,22,11]80
1[13,22,10,17,12]80
5[1,23,17,24,3]80
1[20,16,19,23,4]80
1[20,23,17,10,11]80
2[23,5,8,12,1]80
1[18,21,22,15,7]80
6[12,21,7,24,17]80
2[14,24,6,16,9]80
3[12,7,14,1,21]80
3[6,5,20,16,9]80
6[10,13,8,4,2]80
2[23,10,22,13,8]80
1[24,13,23,16,4]80
3[13,23,4,10,11]80
3[13,20,16,17,2]80
4[5,21,1,6,18]80
2[14,19,24,15,18]80
1[4,12,21,11,15]80
1[15,11,10,9,18]80
3[4,5,6,12,14]80
2[20,16,14,15,5]80
1[18,7,23,21,4]80
6[11,23,17,5,16]80
1[12,19,10,4,16]80
5[21,23,15,6,13]80
2[9,23,21,10,5]80
2[23,13,22,7,4]80
1[21,13,16,6,14]80
1[11,22,3,12,24]80
1[2,21,23,10,20]80
1[21,4,12,5,20]80
6[17,2,13,19,24]80
1[11,24,17,21,18]80
1[21,20,13,18,14]80
1[9,18,4,12,5]80
2[21,18,5,17,16]80
4[1,12,5,13,22]80
3[10,15,7,20,23]80
5[21,16,4,14,9]80
6[1,2,19,13,21]80
6[3,17,21,1,9]80
3[5,17,13,20,9]80
1[4,10,13,24,15]80
2[22,16,12,17,3]80
1[9,20,21,10,5]80
