6[15,14,22,16,12]120
3[4,5,9,13,24]120
5[20,11,2,8,19]120
4[3,13,18,14,21]120
4[17,20,11,3,15]120
5[7,16,21,11,18]120
4[21,18,11,23,5]120
4[16,5,24,21,10]120
6[9,16,18,21,22]120
3[24,18,6,20,1]120
4[5,9,2,10,14]120
2[11,12,16,23,7]120
5[9,24,16,2,13]120
5[13,21,3,19,11]120
2[11,8,17,20,19]120
6[14,7,23,1,19]120
3[8,7,22,16,21]120
1[19,18,23,13,5]120
2[17,21,12,5,9]120
2[14,16,24,13,19]120
6[9,23,8,22,17]120
4[15,13,16,8,5]120
4[12,5,22,19,15]120
2[22,1,15,17,18]120
1[11,14,2,18,19]120
6[21,7,18,4,16]120
6[16,23,18,15,22]120
1[12,17,2,8,6]120
4[2,16,6,8,1]120
2[20,4,22,19,13]120
1[5,23,18,12,11]120
1[22,21,14,13,9]120
1[4,6,2,24,5]120
1[2,7,24,3,21]120
3[14,2,21,12,8]120
5[7,17,6,22,4]120
3[10,16,17,13,4]120
3[20,10,15,1,11]120
5[21,17,16,6,24]120
2[5,8,20,4,3]120
3[9,24,20,5,22]120
3[11,2,6,16,12]120
2[19,3,24,12,21]120
3[4,23,6,7,8]120
3[2,13,15,20,1]120
5[17,19,3,15,7]120
1[15,20,11,13,14]120
3[8,7,23,9,6]120
4[12,2,5,1,19]120
3[1,22,11,4,9]120
6[15,2,22,21,4]120
6[2,23,20,14,21]120
3[9,1,23,14,22]120
4[23,14,21,7,9]120
6[5,12,22,11,7]120
3[11,17,14,13,8]120
3[1,13,2,21,8]120
4[23,14,8,2,17]120
2[16,22,9,23,21]120
2[17,7,24,10,6]120
6[20,15,14,8,19]120
2[13,8,14,11,10]120
4[23,8,19,13,9]120
3[6,24,12,13,1]120
4[15,5,22,13,16]120
4[18,23,1,7,15]120
5[13,17,7,2,3]120
4[23,21,6,22,9]120
6[19,14,4,13,18]120
4[10,5,2,22,1]120
2[24,17,12,22,3]120
6[16,14,19,10,24]120
6[14,19,21,3,24]120
2[14,10,5,24,22]120
5[19,12,4,10,13]120
1[20,3,16,9,10]120
1[23,9,13,17,6]120
4[6,1,12,11,13]120
6[23,21,2,16,15]120
2[17,6,16,24,22]120
3[21,10,11,9,13]120
5[2,15,1,22,16]120
5[9,20,11,18,17]120
3[14,2,10,7,13]120
2[22,20,11,7,23]120
4[6,18,11,16,14]120
2[24,23,7,18,3]120
1[14,3,10,13,5]120
6[14,10,2,4,16]120
2[24,14,18,10,9]120
1[7,3,9,19,8]120
1[3,24,23,9,7]120
3[1,2,4,16,24]120
6[19,17,22,21,12]120
4[6,13,7,5,3]120
3[14,9,19,21,16]120
2[23,18,11,3,7]120
6[20,19,18,4,3]120
1[16,17,9,21,14]120
1[10,16,11,15,24]120
2[13,20,21,11,8]120
2[3,4,8,16,6]120
4[2,17,1,24,8]120
1[19,20,17,2,4]120
1[3,14,10,21,22]120
3[18,4,6,22,8]120
4[10,16,3,13,6]120
2[6,8,18,10,24]120
4[11,13,24,2,3]120
6[5,10,15,14,11]120
2[5,15,12,6,22]120
5[22,9,20,18,4]120
1[24,18,22,2,16]120
4[16,11,13,8,1]120
1[22,20,3,6,14]120
5[21,22,24,13,20]120
5[10,22,8,1,4]120
6[4,13,21,12,8]120
4[20,5,3,6,15]120
1[12,24,4,17,16]120
5[21,4,17,1,7]120
6[14,5,12,17,15]120
3[24,19,15,21,18]120
5[19,17,13,4,20]120
5[11,17,10,15,21]120
3[5,20,14,10,1]120
4[3,24,13,18,21]120
4[22,16,13,21,19]120
4[8,10,15,23,3]120
4[16,3,9,14,2]120
1[3,11,21,6,9]120
3[1,7,15,5,12]120
5[9,2,24,18,8]120
1[22,4,20,6,14]120
4[19,8,22,14,23]120
1[8,12,13,14,24]120
4[9,2,1,15,18]120
3[17,24,22,10,8]120
6[15,13,5,19,10]120
4[9,19,6,21,12]120
6[24,19,18,2,3]120
2[3,14,9,6,13]120
1[6,24,16,15,17]120
4[17,23,16,20,2]120
4[1,12,10,9,24]120
4[15,11,9,6,16]120
5[9,22,3,11,18]120
3[4,15,14,23,7]120
4[8,11,1,3,6]120
2[18,22,24,17,11]120
3[20,1,15,19,16]120
3[4,18,14,9,17]120
1[8,15,10,7,23]120
6[15,24,20,2,21]120
6[21,3,24,15,1]120
6[13,12,15,7,1]120
1[13,8,6,19,24]120
1[10,3,23,5,13]120
2[21,14,23,3,4]120
4[22,2,7,23,12]120
4[22,13,9,24,20]120
3[13,9,4,23,22]120
5[10,20,11,12,4]120
5[13,16,1,15,19]120
4[16,14,11,10,7]120
1[20,5,6,11,9]120
4[7,17,1,11,9]120
5[14,6,24,4,16]120
5[12,10,23,8,14]120
2[5,12,21,19,23]120
3[17,20,6,5,12]120
4[19,24,13,22,11]120
5[2,21,24,7,13]120
5[17,10,2,18,14]120
4[20,13,5,21,18]120
5[7,20,16,9,6]120
2[12,11,9,23,5]120
5[16,3,21,19,1]120
2[9,6,24,4,16]120
4[12,1,6,11,3]120
4[3,18,24,13,22]120
1[9,14,6,20,15]120
3[9,13,17,12,22]120
1[15,7,17,8,16]120
4[2,1,17,5,15]120
2[22,17,1,24,23]120
3[18,8,13,14,4]120
4[3,15,7,8,10]120
6[1,20,3,13,22]120
2[14,23,24,5,4]120
2[14,5,15,24,10]120
3[12,18,7,17,1]120
2[4,7,6,8,11]120
3[18,21,8,15,12]120
1[2,17,21,4,20]120
2[5,16,1,21,4]120
2[20,4,13,7,22]120
5[6,16,10,22,3]120
4[19,9,18,16,7]120
5[16,3,21,23,24]120
