5[15,12,11,6,2]120
4[7,11,3,16,17]120
6[23,3,13,17,24]120
1[3,4,16,12,2]120
3[6,9,20,11,8]120
2[22,10,23,8,16]120
5[23,20,1,16,6]120
3[22,17,24,23,11]120
1[10,21,22,17,13]120
6[2,10,4,12,8]120
6[3,7,23,17,5]120
1[22,23,11,20,6]120
1[23,2,15,14,5]120
2[8,10,15,18,1]120
2[11,24,5,13,23]120
1[7,18,20,17,10]120
3[21,1,15,24,12]120
5[8,18,22,1,2]120
1[14,23,12,16,19]120
3[5,19,22,13,7]120
2[16,8,9,11,10]120
5[9,21,20,19,1]120
6[15,21,8,18,12]120
4[11,18,6,2,7]120
3[6,19,9,22,4]120
5[6,15,14,7,23]120
3[23,1,10,14,4]120
5[1,20,18,8,17]120
1[12,7,23,19,4]120
5[9,13,19,2,16]120
1[21,11,13,24,22]120
4[19,22,15,10,21]120
1[5,8,12,21,11]120
4[13,15,17,19,21]120
5[18,13,1,16,17]120
6[10,20,17,7,2]120
5[19,8,14,6,12]120
3[5,19,7,4,15]120
2[10,12,15,4,19]120
1[14,21,5,18,20]120
4[3,5,7,6,9]120
5[11,12,16,23,14]120
3[5,9,22,24,2]120
5[20,12,15,11,7]120
4[15,20,19,3,5]120
5[19,10,14,22,2]120
6[7,17,23,4,21]120
6[22,2,8,3,23]120
5[15,7,4,16,13]120
3[24,14,21,17,6]120
2[6,10,18,8,4]120
5[21,14,16,10,7]120
2[24,3,11,7,13]120
5[17,6,10,14,22]120
2[22,9,11,7,20]120
1[12,22,9,17,24]120
4[24,23,16,7,20]120
2[12,15,9,18,22]120
3[7,16,15,18,2]120
2[14,22,9,12,7]120
1[3,16,11,18,2]120
4[23,7,8,17,24]120
2[23,1,19,9,18]120
2[10,22,5,12,7]120
4[18,19,6,15,8]120
5[9,19,21,24,4]120
1[14,21,17,9,2]120
2[6,14,3,11,5]120
2[9,16,4,7,10]120
1[8,2,18,14,7]120
3[5,1,6,15,4]120
4[8,19,2,10,23]120
2[14,7,12,4,11]120
6[22,21,14,23,12]120
3[11,20,9,12,17]120
6[13,15,9,18,11]120
4[1,8,13,21,14]120
4[20,16,9,14,12]120
5[15,19,4,11,21]120
5[17,13,19,16,6]120
2[19,20,7,17,9]120
6[8,1,2,10,3]120
6[5,1,8,14,9]120
3[9,4,11,23,17]120
5[9,3,11,12,6]120
4[11,24,20,13,15]120
3[14,17,18,5,1]120
5[15,11,16,2,13]120
6[5,1,8,2,23]120
5[17,16,13,10,3]120
6[18,24,10,20,4]120
2[9,13,15,19,4]120
1[16,17,18,8,5]120
3[10,15,24,21,7]120
5[23,16,19,11,12]120
3[22,19,20,21,15]120
3[6,2,13,16,15]120
3[13,12,10,2,6]120
4[10,11,7,8,14]120
2[20,1,8,18,14]120
1[18,5,23,10,22]120
1[13,6,23,20,3]120
6[19,13,9,14,4]120
3[8,2,21,19,11]120
6[1,18,10,17,12]120
1[19,3,6,20,4]120
2[22,11,4,17,5]120
3[21,10,7,24,13]120
5[23,8,4,21,3]120
2[9,8,1,15,23]120
6[16,2,11,13,14]120
2[21,4,12,23,15]120
3[17,13,10,12,16]120
3[5,20,4,13,21]120
1[2,10,6,22,13]120
1[7,2,13,23,22]120
4[18,22,16,3,20]120
4[16,7,18,3,19]120
6[5,22,19,11,24]120
2[21,23,1,24,12]120
5[8,10,22,4,16]120
6[5,16,4,24,2]120
5[10,21,8,23,20]120
5[14,17,11,21,15]120
4[13,6,20,24,17]120
5[11,23,6,24,15]120
2[14,4,23,10,1]120
5[20,24,19,13,11]120
3[2,11,20,17,5]120
4[14,9,22,19,18]120
5[10,21,23,7,11]120
6[23,1,21,5,9]120
1[12,6,22,18,13]120
6[8,21,5,24,12]120
4[15,13,19,11,5]120
3[10,19,7,13,24]120
3[24,19,23,22,6]120
4[7,16,21,17,1]120
4[13,9,20,7,6]120
3[18,6,7,23,13]120
6[14,4,1,9,24]120
5[8,1,13,6,11]120
1[7,15,5,17,6]120
2[5,15,9,8,4]120
4[1,15,20,6,2]120
3[22,12,10,24,17]120
5[8,18,16,14,13]120
5[7,23,14,20,4]120
5[14,22,7,17,11]120
2[9,19,14,21,4]120
4[1,5,23,13,3]120
3[24,1,5,10,22]120
3[10,24,5,12,2]120
3[18,21,7,6,11]120
3[12,15,8,21,9]120
6[15,12,11,5,13]120
5[23,17,24,9,14]120
1[5,13,7,4,6]120
5[17,4,10,16,11]120
3[13,16,15,12,4]120
6[3,8,14,10,4]120
2[8,7,14,12,16]120
5[3,24,4,14,8]120
2[20,9,7,8,11]120
4[21,19,9,10,23]120
6[22,24,13,5,12]120
3[9,10,2,6,18]120
6[20,7,23,2,4]120
5[19,20,22,18,2]120
1[7,21,9,17,6]120
6[8,19,21,5,24]120
6[11,4,9,3,12]120
4[6,18,1,9,13]120
4[16,23,9,20,2]120
5[20,2,17,10,22]120
6[2,1,9,4,7]120
5[19,8,16,15,24]120
4[22,8,16,3,5]120
2[13,23,1,8,17]120
1[16,13,17,12,8]120
6[15,14,18,3,8]120
5[21,13,12,15,19]120
4[8,23,11,16,17]120
4[17,18,1,23,22]120
1[14,7,5,22,4]120
4[17,2,14,19,12]120
6[14,23,7,16,17]120
2[6,15,20,8,4]120
2[9,15,14,8,3]120
2[24,15,3,9,16]120
6[10,13,2,14,21]120
2[13,17,16,12,5]120
1[8,11,24,5,15]120
2[13,11,22,7,5]120
4[18,23,16,11,19]120
3[14,6,20,21,9]120
1[9,3,23,16,8]120
1[19,14,10,22,5]120
4[11,2,6,13,14]120
6[2,15,3,18,10]120
