3[10,15,19,11,20]160
3[24,12,9,13,18]160
3[13,22,12,14,6]160
5[10,14,24,21,20]160
1[19,18,23,3,10]80
4[24,23,16,7,20]160
1[23,12,3,10,24]160
6[2,22,14,5,21]40
2[13,14,22,1,8]160
6[10,12,21,15,4]40
6[12,5,17,3,19]80
2[10,22,5,12,7]160
3[14,21,20,9,17]80
3[18,11,7,23,5]80
6[8,23,13,4,11]40
4[22,11,14,15,12]120
2[18,24,16,6,23]40
3[5,1,6,15,4]120
6[13,19,23,16,7]160
6[5,11,23,19,16]80
4[2,14,11,19,18]80
3[8,20,9,16,1]40
1[14,10,23,11,12]80
4[20,16,9,14,12]40
3[17,20,4,9,16]120
2[1,4,21,24,20]120
6[7,12,21,22,24]80
4[17,5,3,8,15]120
2[24,22,12,8,1]80
5[9,3,11,12,6]40
5[6,20,14,23,18]80
5[15,9,23,3,17]160
1[19,10,24,23,13]160
5[20,23,17,6,10]40
4[21,6,7,9,14]40
2[9,13,15,19,4]40
3[18,16,6,13,10]120
5[24,15,21,8,12]160
2[24,13,17,6,9]40
6[11,21,7,2,12]80
1[8,19,17,22,13]160
4[10,11,7,8,14]80
1[13,2,22,9,20]80
2[10,24,12,6,21]160
2[3,21,11,14,9]120
5[22,20,2,16,10]160
4[5,3,9,18,11]160
1[19,3,6,20,4]160
2[12,7,16,17,5]160
1[3,16,21,23,9]80
1[15,6,13,12,17]120
1[16,20,12,24,7]120
5[3,22,2,8,9]80
3[17,13,10,12,16]160
5[16,15,6,7,2]40
2[22,19,23,10,4]120
1[17,22,8,19,9]40
1[16,24,10,7,18]160
6[17,9,3,18,23]120
2[21,23,1,24,12]80
5[4,24,21,17,2]40
6[17,9,19,13,4]80
4[5,12,10,22,21]40
3[12,5,15,7,10]40
3[13,6,9,15,4]160
2[14,4,23,10,1]120
5[4,3,24,12,18]120
3[16,20,4,19,21]120
4[21,17,12,11,3]160
6[16,2,1,19,5]120
6[21,5,15,12,10]160
6[8,21,5,24,12]80
2[6,17,23,20,18]80
1[10,3,17,7,5]40
3[14,4,6,17,20]80
2[17,15,3,24,12]120
4[24,14,23,3,20]80
6[14,4,1,9,24]160
5[17,22,10,1,21]40
3[24,6,14,12,10]80
1[5,7,19,16,20]120
6[24,5,14,13,15]40
1[24,2,9,20,14]160
5[7,23,14,20,4]160
2[22,18,24,8,15]40
3[10,21,13,7,20]80
5[10,15,11,19,13]40
5[8,3,18,22,17]160
3[11,22,20,8,23]40
3[12,15,8,21,9]160
3[13,8,20,24,7]160
4[24,11,7,12,15]80
5[17,1,10,11,15]40
3[4,7,12,18,15]160
6[4,18,8,22,17]120
2[8,7,14,12,16]80
5[22,13,6,21,20]40
6[21,4,9,13,15]40
5[8,4,3,23,17]160
5[10,6,1,18,21]40
3[2,15,23,10,20]160
5[19,20,22,18,2]80
6[13,2,1,11,12]120
3[4,9,6,22,13]80
4[21,20,14,1,13]80
4[20,5,18,21,9]120
5[23,22,14,19,10]40
6[2,1,9,4,7]120
1[15,6,21,13,8]40
5[21,23,19,7,18]80
4[19,10,12,20,22]40
5[7,12,6,21,18]40
2[4,19,7,12,3]120
4[8,23,11,16,17]160
5[13,23,8,24,1]80
2[24,23,4,3,20]40
6[21,14,3,10,13]160
1[12,5,3,10,23]160
5[16,11,23,9,3]80
2[24,15,3,9,16]160
5[9,7,15,16,22]160
3[7,17,10,6,22]80
3[21,12,19,9,23]40
2[4,6,7,21,11]40
6[14,10,9,8,23]80
1[9,3,23,16,8]120
4[12,3,15,8,16]120
4[5,23,16,8,9]160
2[10,4,13,7,17]40
3[15,17,5,13,19]160
5[9,12,3,16,17]80
1[21,2,22,18,12]120
5[15,14,19,1,21]120
4[15,16,19,14,24]40
3[16,2,11,7,10]120
5[12,24,13,15,7]160
1[24,11,7,23,21]40
5[3,12,19,4,8]160
4[10,23,17,12,11]40
2[9,18,10,4,17]80
2[16,6,24,7,19]80
4[17,16,18,3,9]40
1[18,2,3,15,24]160
1[11,20,9,23,15]40
5[20,19,16,10,15]120
3[20,7,23,13,14]160
6[2,19,11,13,14]120
5[2,3,8,12,22]40
1[15,21,14,12,17]80
5[8,21,9,4,1]40
4[1,7,24,19,18]120
1[20,6,11,5,19]120
2[5,1,18,13,4]40
2[21,17,6,18,12]120
1[24,23,14,15,17]40
4[11,20,19,15,1]40
2[5,21,20,16,17]40
3[20,7,5,1,21]160
3[19,21,23,22,20]120
3[18,15,4,22,21]160
6[23,22,14,24,20]120
6[11,21,14,4,8]160
6[1,9,7,21,8]120
3[4,16,20,10,14]160
2[13,21,20,3,18]80
3[10,24,11,4,17]120
6[2,4,23,1,13]160
2[4,24,15,21,20]80
6[11,3,9,1,13]80
5[7,17,12,13,24]120
1[8,14,20,2,10]160
5[4,17,2,13,20]80
3[17,20,2,19,9]40
5[8,16,22,18,7]80
5[8,16,24,4,1]80
5[16,1,21,12,19]80
3[4,15,18,7,16]120
5[21,6,20,10,3]40
3[18,12,22,9,5]40
2[1,18,3,14,9]80
5[21,14,13,11,8]120
3[1,19,15,4,13]80
2[17,12,8,18,4]40
6[21,1,4,19,8]40
4[1,8,14,10,11]160
6[13,2,22,16,20]120
5[1,24,3,22,15]80
1[20,11,15,7,8]160
6[2,22,15,12,11]40
1[21,4,17,2,5]120
6[13,3,9,17,14]40
3[5,22,13,18,11]40
5[9,11,1,10,22]160
6[3,20,24,23,13]160
3[15,6,12,18,20]40
4[23,1,22,14,11]80
4[1,10,21,2,23]160
4[17,18,14,9,20]40
5[11,12,23,19,14]80
5[24,10,19,22,20]120
