1[12,6,7,18,9]40
1[12,7,2,13,5]40
1[6,17,12,15,19]40
2[11,7,6,21,9]40
6[8,23,21,1,12]40
6[23,2,10,24,21]40
5[9,10,4,20,22]40
2[22,6,12,21,7]40
3[8,19,2,23,14]40
1[15,17,18,22,9]40
2[11,17,18,20,16]40
2[15,9,14,20,22]40
2[22,14,16,19,11]40
6[8,24,12,16,19]40
3[23,2,15,13,12]40
6[19,2,16,5,15]40
2[5,24,14,3,22]40
5[15,11,6,10,18]40
4[6,3,2,23,13]40
2[9,19,8,13,18]40
6[3,13,7,10,14]40
6[10,2,12,13,16]40
4[7,8,19,5,15]40
4[12,9,11,3,20]40
4[12,18,11,20,1]40
4[2,17,5,3,15]40
6[4,10,8,16,19]40
3[5,2,4,23,10]40
5[9,21,14,2,23]40
3[16,11,18,22,24]40
2[10,22,23,3,16]40
4[10,23,15,2,17]40
1[12,5,16,18,23]40
4[12,3,16,5,13]40
6[5,15,12,24,17]40
5[1,8,4,9,10]40
3[19,22,16,12,23]40
2[7,20,9,14,11]40
3[23,21,20,11,10]40
5[24,9,12,1,17]40
4[16,3,9,21,24]40
1[16,4,10,3,19]40
1[16,5,17,10,24]40
6[16,24,12,23,1]40
4[17,10,13,1,19]40
4[7,3,5,20,23]40
5[16,9,19,21,3]40
4[5,13,1,17,2]40
4[11,10,7,18,19]40
6[11,12,24,20,15]40
4[23,20,14,5,6]40
2[23,9,16,4,17]40
1[2,4,15,16,22]40
4[19,11,24,3,8]40
1[4,20,12,15,18]40
6[17,3,2,5,10]40
3[23,13,1,2,4]40
6[7,2,20,19,17]40
5[14,23,24,7,8]40
2[5,14,1,7,4]40
5[18,15,14,8,7]40
1[8,11,7,23,18]40
3[23,5,19,24,17]40
3[12,16,2,15,19]40
5[11,17,16,15,10]40
2[15,18,11,12,5]40
3[5,24,13,17,1]40
3[8,23,16,4,12]40
4[17,1,14,23,12]40
1[23,19,21,5,12]40
1[22,2,14,19,20]40
2[23,20,13,10,1]40
5[10,7,24,13,8]40
1[14,6,9,3,4]40
4[21,3,9,5,16]40
1[12,6,10,14,9]40
1[13,5,9,8,16]40
5[1,15,20,10,9]40
2[1,7,9,17,15]40
4[3,5,12,7,19]40
5[3,4,12,17,13]40
3[23,8,17,22,18]40
6[17,3,10,20,7]40
4[8,6,21,1,15]40
3[6,16,4,12,7]40
2[8,17,14,12,11]40
4[11,14,20,5,6]40
3[2,6,14,15,4]40
5[15,22,21,2,6]40
1[5,10,19,24,13]40
5[12,24,19,13,2]40
4[11,20,13,14,22]40
6[23,24,8,13,20]40
5[24,1,14,3,16]40
6[10,4,8,2,12]40
2[4,6,22,23,8]40
2[16,15,20,9,17]40
1[3,7,15,14,16]40
5[23,18,14,24,16]40
5[13,19,24,2,8]40
2[3,21,12,9,17]40
3[24,6,12,21,16]40
3[4,11,23,19,18]40
1[11,23,15,17,20]40
4[2,3,22,21,7]40
1[15,12,18,9,17]40
6[24,9,16,12,23]40
4[11,15,22,20,17]40
6[19,17,12,2,10]40
2[3,17,14,7,23]40
6[19,22,17,14,1]40
5[18,6,7,19,22]40
4[9,23,18,17,16]40
3[8,14,12,13,16]40
6[19,14,23,18,9]40
4[21,16,18,1,14]40
1[5,22,23,14,2]40
4[6,12,21,14,13]40
4[21,14,10,22,8]40
1[2,3,17,9,12]40
5[7,13,8,9,6]40
1[10,13,6,20,17]40
4[3,13,18,20,23]40
3[4,12,10,19,14]40
5[15,6,19,8,16]40
2[21,24,10,20,3]40
6[11,2,23,24,5]40
3[15,5,10,24,23]40
4[1,9,2,10,7]40
4[14,21,22,1,12]40
6[1,21,12,22,10]40
5[23,16,9,12,10]40
5[24,20,12,8,6]40
4[2,17,7,1,3]40
3[19,14,1,7,2]40
6[10,2,15,7,17]40
6[22,4,10,21,8]40
2[20,5,3,7,24]40
3[14,7,15,20,21]40
6[23,20,14,16,21]40
4[7,16,21,6,11]40
5[11,7,3,15,6]40
2[3,10,14,6,16]40
1[3,6,9,17,20]40
2[22,9,11,6,13]40
1[14,7,6,19,21]40
5[14,23,17,2,8]40
2[11,13,21,10,9]40
2[11,10,13,23,5]40
2[14,4,15,24,13]40
3[11,8,22,10,1]40
1[21,5,16,11,17]40
5[4,19,7,8,1]40
1[19,3,8,4,22]40
5[17,9,24,3,12]40
4[20,11,3,10,24]40
2[16,19,5,21,10]40
5[8,16,22,23,17]40
1[12,24,9,15,21]40
6[4,22,8,17,16]40
6[17,11,12,3,21]40
2[15,21,18,19,3]40
5[22,15,19,11,9]40
5[15,2,1,14,16]40
3[18,12,16,1,21]40
1[21,9,24,2,23]40
6[1,8,10,5,12]40
4[6,2,24,16,7]40
6[14,10,21,1,22]40
4[22,7,21,10,16]40
1[6,3,12,13,17]40
5[16,22,23,24,1]40
1[17,16,18,19,24]40
4[20,15,5,3,10]40
4[9,17,18,16,22]40
4[22,6,12,9,23]40
3[14,5,21,7,4]40
3[21,20,5,1,18]40
5[9,1,20,6,23]40
4[18,13,23,17,2]40
6[12,8,14,11,22]40
2[6,22,20,17,18]40
2[5,21,7,16,22]40
5[8,18,3,2,13]40
5[6,24,1,23,10]40
2[21,13,16,20,23]40
3[14,16,10,2,12]40
2[10,16,24,7,21]40
5[24,17,8,13,6]40
4[17,2,22,7,10]40
6[1,3,18,15,21]40
2[9,24,1,3,20]40
2[11,8,1,23,24]40
5[6,10,12,13,16]40
5[11,24,7,13,23]40
6[17,10,22,16,2]40
5[8,9,12,19,14]40
1[14,23,24,8,15]40
2[11,24,4,3,6]40
5[6,24,3,13,23]40
