1[8,4,11,7,5]40
1[10,2,4,7,11]40
1[11,6,2,7,8]40
2[5,3,9,11,4]40
6[5,10,4,8,1]40
6[7,4,1,2,3]40
5[3,6,1,9,10]40
2[4,5,8,7,6]40
3[1,6,8,2,11]40
1[8,11,7,3,2]40
2[4,1,7,6,8]40
2[10,9,1,3,8]40
2[11,9,1,6,3]40
6[3,5,4,10,7]40
3[10,4,5,7,1]40
6[11,2,10,7,4]40
2[11,10,9,8,7]40
5[4,6,9,11,8]40
4[5,11,9,1,8]40
2[11,8,1,5,6]40
6[9,2,11,3,1]40
6[1,4,10,7,5]40
4[7,10,9,3,6]40
4[10,3,9,7,11]40
4[8,11,1,10,6]40
4[1,8,9,7,3]40
6[9,7,10,3,11]40
3[7,10,4,8,1]40
5[4,7,1,8,11]40
3[6,4,7,9,10]40
2[5,9,6,1,4]40
4[7,10,11,6,8]40
1[3,5,11,9,6]40
4[3,9,10,1,5]40
6[10,1,4,2,3]40
5[4,7,10,6,2]40
3[5,11,4,7,1]40
2[7,6,1,8,11]40
3[5,2,4,7,1]40
5[10,9,3,1,2]40
4[7,3,2,9,1]40
1[7,8,11,2,3]40
1[11,5,6,7,4]40
6[10,3,7,5,8]40
4[2,1,7,6,5]40
4[3,6,8,1,9]40
5[6,10,9,2,11]40
4[11,1,9,2,7]40
4[9,11,10,6,8]40
6[2,3,9,10,11]40
4[11,7,9,10,8]40
2[3,8,5,1,4]40
1[3,2,6,10,8]40
4[6,8,9,1,3]40
1[3,7,5,4,6]40
6[1,3,5,7,4]40
3[1,8,10,6,7]40
6[5,11,3,4,1]40
5[10,4,6,1,11]40
2[9,6,10,3,4]40
5[9,1,11,10,6]40
1[3,7,8,4,11]40
3[7,4,5,6,2]40
3[2,7,8,4,5]40
5[7,10,11,1,6]40
2[5,4,6,1,3]40
3[10,5,2,1,11]40
3[5,10,2,9,4]40
4[1,11,3,8,7]40
1[10,4,9,2,3]40
1[10,5,11,6,4]40
2[4,1,7,9,3]40
5[9,2,11,1,4]40
1[5,9,10,11,8]40
4[6,5,11,8,10]40
1[11,9,4,7,8]40
1[6,11,9,10,8]40
5[4,3,7,11,10]40
2[10,6,11,5,9]40
4[5,8,1,6,10]40
5[3,7,11,1,10]40
3[9,6,7,10,1]40
6[10,7,4,3,8]40
4[3,5,10,6,1]40
3[5,4,10,11,9]40
2[4,1,7,8,11]40
4[3,8,2,5,1]40
3[2,1,4,8,7]40
5[9,2,7,3,10]40
1[9,5,7,10,6]40
5[4,2,9,11,1]40
4[3,2,9,6,1]40
6[9,3,11,1,4]40
5[4,7,6,2,9]40
6[8,11,7,2,9]40
2[9,6,4,10,7]40
2[3,6,11,7,8]40
1[11,7,6,9,3]40
5[7,10,6,2,1]40
5[1,11,10,4,6]40
2[5,6,3,9,7]40
3[10,4,6,8,7]40
3[4,9,2,11,5]40
1[3,4,11,9,6]40
4[3,5,9,6,8]40
1[3,8,7,2,10]40
6[10,1,11,8,3]40
4[7,3,2,10,11]40
6[4,5,3,11,1]40
2[9,10,3,5,8]40
6[10,11,5,9,8]40
5[11,9,4,7,8]40
4[5,3,11,7,2]40
3[10,5,4,9,7]40
6[1,4,8,11,5]40
4[5,9,7,2,1]40
1[7,5,4,9,3]40
4[5,10,9,3,6]40
4[2,6,10,3,9]40
1[7,4,2,5,10]40
5[11,9,4,8,2]40
1[7,9,8,4,2]40
4[5,9,6,3,10]40
3[2,4,10,7,1]40
5[2,7,11,3,6]40
2[10,3,1,7,4]40
6[3,10,7,4,8]40
3[5,1,7,11,9]40
4[7,2,11,6,9]40
4[3,8,9,5,1]40
6[3,10,5,4,11]40
5[2,9,10,4,1]40
5[11,8,2,6,3]40
4[7,2,9,3,11]40
3[4,10,11,8,7]40
6[9,10,5,7,2]40
6[10,2,7,4,11]40
2[3,11,1,10,7]40
3[11,6,5,7,4]40
6[11,9,5,7,2]40
4[10,9,8,7,6]40
5[4,10,9,7,8]40
2[6,4,10,1,5]40
1[6,2,4,9,8]40
2[9,5,1,8,3]40
1[3,2,9,4,7]40
5[10,1,4,8,9]40
2[8,11,7,10,5]40
2[10,5,9,4,1]40
2[10,6,1,4,3]40
3[4,7,10,8,6]40
1[2,3,6,4,7]40
5[3,6,2,9,7]40
1[11,9,6,2,10]40
5[6,9,10,8,7]40
4[1,8,5,9,11]40
2[3,6,11,9,4]40
5[2,10,6,11,4]40
1[9,8,2,6,4]40
6[10,8,9,4,7]40
6[1,3,2,11,4]40
2[5,4,7,3,1]40
5[2,9,11,7,3]40
5[2,10,1,6,4]40
3[9,5,2,11,4]40
1[11,7,9,10,8]40
6[5,7,3,10,2]40
4[8,6,7,9,1]40
6[8,11,4,9,5]40
4[2,11,5,9,7]40
1[9,6,7,8,2]40
5[8,10,1,7,11]40
1[9,2,5,7,3]40
4[9,11,1,10,2]40
4[5,10,6,7,9]40
4[5,3,6,2,11]40
3[1,8,2,9,6]40
3[5,2,11,4,7]40
5[2,9,6,4,8]40
4[2,1,3,8,5]40
6[4,8,3,9,10]40
2[1,5,3,4,8]40
2[3,4,7,8,11]40
5[4,11,10,6,1]40
5[11,3,1,8,7]40
2[6,4,3,1,9]40
3[5,1,9,10,4]40
2[8,4,11,5,9]40
5[9,10,11,2,1]40
4[2,6,9,8,10]40
6[9,8,1,7,11]40
2[5,10,7,8,1]40
2[1,8,4,5,7]40
5[11,3,1,6,2]40
5[11,9,10,1,6]40
6[8,1,7,9,10]40
5[4,11,2,1,7]40
1[6,5,9,11,10]40
2[10,4,3,1,7]40
5[4,1,10,7,11]40
