1[9,11,14,5,13]40
1[11,5,10,13,4]40
1[4,7,3,5,2]40
2[8,10,1,11,13]40
6[7,5,10,1,8]40
6[7,4,5,14,8]40
5[11,12,2,8,13]40
2[7,11,14,10,13]40
3[7,1,13,12,5]40
1[7,4,3,12,11]40
2[11,1,6,9,5]40
2[8,3,12,9,4]40
2[10,6,12,8,11]40
6[2,12,5,4,10]40
3[5,8,2,1,12]40
6[8,2,9,5,11]40
2[8,7,12,3,10]40
5[6,12,11,10,7]40
4[13,10,9,12,6]40
2[3,1,14,13,9]40
6[1,13,7,10,2]40
6[2,14,13,11,8]40
4[7,2,5,8,1]40
4[14,13,2,5,6]40
4[1,8,13,9,11]40
4[11,3,2,5,13]40
6[12,7,14,2,13]40
3[11,2,9,13,6]40
5[11,6,7,2,14]40
3[14,7,8,11,6]40
2[7,12,1,4,5]40
4[8,13,1,3,5]40
1[7,14,5,6,13]40
4[7,1,8,5,3]40
6[14,1,7,13,10]40
5[10,2,6,8,9]40
3[4,14,5,1,2]40
2[1,4,7,3,11]40
3[8,10,2,14,6]40
5[12,2,14,1,7]40
4[9,3,5,11,7]40
1[5,4,10,3,8]40
1[2,6,4,12,7]40
6[4,8,14,13,5]40
4[14,1,6,2,9]40
4[1,2,8,10,7]40
5[9,10,7,11,14]40
4[11,8,9,3,1]40
4[7,3,9,6,5]40
6[10,9,1,11,4]40
4[5,11,9,6,10]40
2[11,7,12,4,10]40
1[12,5,4,3,11]40
4[6,14,2,5,9]40
1[14,9,11,3,7]40
6[14,5,13,3,11]40
3[2,8,12,1,4]40
6[4,14,12,8,5]40
5[8,1,3,10,14]40
2[11,3,7,6,4]40
5[4,6,13,10,1]40
1[6,13,3,12,5]40
3[8,14,12,13,2]40
3[6,10,5,2,4]40
5[1,13,14,4,10]40
2[8,14,4,13,6]40
3[2,12,5,7,6]40
3[4,13,10,5,12]40
4[12,3,7,13,6]40
1[14,13,4,6,2]40
1[9,8,14,7,13]40
2[13,8,7,12,1]40
5[2,3,14,13,4]40
1[13,2,6,4,10]40
4[11,8,1,5,14]40
1[8,6,13,14,7]40
1[4,8,9,10,5]40
5[6,3,13,11,9]40
2[9,13,11,4,5]40
4[6,3,5,8,10]40
5[7,6,14,3,13]40
3[9,6,1,13,2]40
6[2,4,8,10,1]40
4[13,3,6,1,11]40
3[6,8,5,13,4]40
2[9,8,5,14,4]40
4[5,14,13,6,10]40
3[4,12,11,1,6]40
5[13,9,10,2,7]40
1[10,5,4,14,11]40
5[10,2,3,1,12]40
4[1,10,7,2,12]40
6[3,14,12,1,8]40
5[14,12,13,2,9]40
6[3,14,10,2,4]40
2[4,10,3,13,11]40
2[7,5,8,12,1]40
1[8,4,12,2,9]40
5[12,6,10,14,4]40
5[4,3,14,2,10]40
2[9,1,14,10,13]40
3[13,10,8,11,1]40
3[8,9,1,10,7]40
1[11,13,14,5,4]40
4[9,7,12,11,5]40
1[3,5,10,12,4]40
6[14,4,12,13,10]40
4[1,5,10,11,6]40
6[1,5,8,3,12]40
2[10,6,12,7,8]40
6[7,14,9,3,10]40
5[10,13,1,7,12]40
4[7,11,9,6,8]40
3[12,11,4,14,9]40
6[2,4,7,10,14]40
4[9,8,2,1,12]40
1[8,12,2,4,9]40
4[13,2,7,1,6]40
4[8,1,7,12,3]40
1[5,11,10,8,3]40
5[13,12,6,8,11]40
1[3,9,5,10,2]40
4[10,8,6,9,13]40
3[8,2,7,9,6]40
5[7,6,2,10,4]40
2[13,3,7,11,6]40
6[14,2,4,13,7]40
3[8,5,6,14,2]40
4[8,13,9,7,12]40
4[11,10,2,1,12]40
6[8,5,12,11,9]40
5[12,8,2,14,1]40
5[14,8,13,9,11]40
4[10,6,14,1,9]40
3[14,6,7,8,9]40
6[5,2,14,8,3]40
6[14,9,3,11,4]40
2[7,14,11,5,6]40
3[4,2,11,9,14]40
6[5,7,14,4,9]40
4[9,10,8,6,2]40
5[13,2,3,1,9]40
2[3,8,10,6,9]40
1[3,12,8,5,11]40
2[4,12,3,8,7]40
1[12,11,3,7,14]40
5[8,9,12,2,7]40
2[6,4,5,13,8]40
2[5,9,8,13,1]40
2[7,13,4,14,1]40
3[6,13,10,11,5]40
1[10,5,4,13,12]40
5[7,9,12,6,10]40
1[12,3,13,4,14]40
5[12,11,1,4,13]40
4[6,14,11,10,8]40
2[4,9,14,10,12]40
5[8,10,6,13,9]40
1[10,5,9,3,13]40
6[13,11,10,4,2]40
6[1,3,5,7,12]40
2[4,5,12,9,1]40
5[12,11,13,14,9]40
5[9,2,3,1,6]40
3[9,8,2,1,13]40
1[13,14,11,2,12]40
6[12,9,11,4,13]40
4[8,10,2,5,1]40
6[11,3,2,1,8]40
4[14,13,11,9,5]40
1[5,3,7,13,2]40
5[9,2,11,14,13]40
1[14,2,3,8,7]40
4[11,7,8,3,12]40
4[8,6,7,5,2]40
4[9,11,5,10,14]40
3[4,14,10,7,5]40
3[5,7,8,1,14]40
5[13,1,14,6,7]40
4[12,11,1,7,10]40
6[7,11,14,12,5]40
2[1,14,10,7,13]40
2[7,13,4,5,10]40
5[7,8,11,2,12]40
5[2,14,10,13,9]40
2[13,14,1,9,10]40
3[8,12,5,2,4]40
2[6,14,3,9,12]40
5[12,2,4,1,8]40
4[3,12,8,7,2]40
6[8,4,9,2,11]40
2[3,10,14,1,7]40
2[12,4,3,13,14]40
5[6,14,1,12,10]40
5[11,9,13,14,4]40
6[7,1,3,8,4]40
5[12,3,9,7,14]40
1[11,8,14,9,13]40
2[4,14,13,3,12]40
5[10,12,6,14,8]40
