6[1,7,5,10,13]80
6[3,7,14,4,9]80
4[11,3,8,12,10]80
2[9,5,1,11,10]80
1[13,11,5,12,14]80
4[2,14,3,6,10]80
5[3,12,13,9,7]80
2[1,9,8,5,10]80
2[10,12,13,9,6]80
4[3,13,2,1,12]80
2[6,4,9,13,14]80
5[8,7,12,4,6]80
3[4,12,14,9,11]80
3[5,10,2,4,11]80
4[6,14,7,13,1]80
5[14,13,4,11,2]80
3[1,13,12,6,7]80
2[14,6,1,13,11]80
1[14,11,8,9,4]80
3[11,13,12,1,2]80
2[8,10,6,7,5]80
6[7,13,1,3,9]80
4[2,3,7,1,12]80
1[12,13,3,5,10]80
2[5,8,9,10,7]80
6[1,14,12,11,13]80
6[12,8,3,5,9]80
3[13,5,10,11,7]80
2[13,7,1,5,8]80
2[14,9,12,7,1]80
3[10,8,7,1,13]80
2[14,13,5,10,6]80
5[6,4,14,2,3]80
4[7,11,14,2,12]80
2[3,11,14,7,5]80
3[13,14,4,8,7]80
5[14,10,11,6,8]80
1[14,10,5,9,13]80
3[12,2,4,10,5]80
2[3,9,4,14,11]80
1[4,13,6,9,2]80
6[13,9,12,3,11]80
1[3,5,10,9,11]80
6[3,14,7,12,5]80
4[7,11,3,6,1]80
3[5,1,7,10,9]80
6[9,13,3,1,12]80
1[11,7,6,9,8]80
6[9,12,11,8,5]80
4[11,14,8,2,12]80
4[13,14,10,5,3]80
4[11,10,2,3,6]80
5[7,3,14,9,6]80
2[8,10,1,5,13]80
5[7,4,9,12,14]80
1[9,5,13,7,11]80
2[1,11,10,12,4]80
3[14,1,5,12,2]80
2[11,12,6,13,3]80
5[11,8,4,10,12]80
1[13,3,7,6,10]80
2[3,6,11,13,14]80
1[9,10,11,2,3]80
3[14,6,12,7,11]80
5[13,6,10,12,14]80
6[11,9,14,12,8]80
3[1,7,2,13,10]80
4[7,14,8,2,13]80
3[13,10,8,6,11]80
3[6,1,13,4,11]80
6[2,4,8,13,11]80
3[12,7,5,4,14]80
1[6,12,13,10,8]80
3[11,10,5,14,1]80
6[8,14,7,13,11]80
4[9,11,2,8,14]80
6[14,10,1,4,11]80
1[11,10,3,2,12]80
2[14,12,7,9,10]80
5[3,14,10,2,1]80
6[11,3,13,14,9]80
6[7,3,11,12,8]80
3[14,7,2,4,6]80
1[7,9,5,10,4]80
3[1,14,7,11,2]80
6[1,14,13,2,11]80
6[9,13,2,11,7]80
1[7,2,8,14,9]80
4[1,6,5,9,10]80
3[9,1,11,5,2]80
2[12,11,8,10,14]80
2[7,11,14,6,4]80
5[10,8,3,13,6]80
3[9,14,5,4,8]80
6[11,13,14,1,9]80
1[11,9,10,5,4]80
5[11,2,13,8,6]80
6[14,2,10,9,7]80
5[6,8,13,12,10]80
3[4,6,7,10,9]80
3[9,7,5,13,6]80
1[2,10,9,5,8]80
4[13,10,14,6,1]80
2[1,6,14,12,7]80
3[14,7,4,12,11]80
6[14,1,8,3,2]80
6[13,3,1,10,14]80
5[2,7,13,10,12]80
6[13,3,9,4,5]80
2[5,6,7,12,10]80
5[3,7,11,8,9]80
6[3,11,12,9,7]80
1[6,12,5,3,7]80
2[8,14,4,6,9]80
5[3,12,14,9,11]80
4[12,14,11,2,1]80
1[9,12,4,11,10]80
4[13,3,6,9,8]80
1[8,10,2,6,12]80
1[4,11,12,6,13]80
1[10,14,8,13,5]80
2[7,5,3,4,12]80
2[13,4,11,12,6]80
3[8,4,12,7,9]80
5[2,7,8,11,6]80
4[13,11,7,8,9]80
3[12,8,4,13,2]80
3[13,4,2,9,5]80
3[12,6,11,4,1]80
4[11,13,9,10,14]80
3[1,7,10,11,4]80
2[10,3,8,13,9]80
6[1,10,5,11,9]80
2[7,9,5,8,12]80
4[3,11,14,13,2]80
6[10,2,14,8,9]80
5[1,4,2,10,8]80
6[7,10,4,13,9]80
6[1,3,4,10,12]80
2[4,14,11,13,7]80
3[5,2,7,11,10]80
4[14,8,9,7,5]80
2[11,8,10,5,3]80
4[1,2,9,5,8]80
2[5,11,13,1,6]80
6[11,1,2,9,10]80
4[12,3,7,10,9]80
1[9,5,7,12,3]80
6[4,1,8,2,9]80
4[8,11,13,5,6]80
3[5,8,7,4,10]80
1[3,14,2,5,11]80
1[14,7,2,13,11]80
3[7,9,2,4,14]80
6[11,5,4,12,2]80
1[6,10,4,7,12]80
5[4,11,1,14,13]80
1[6,2,8,13,14]80
1[8,2,7,13,9]80
2[8,14,13,11,12]80
1[5,11,9,6,8]80
6[7,9,8,14,3]80
2[3,14,1,6,12]80
3[11,14,7,1,4]80
3[11,9,14,4,12]80
6[8,5,11,4,1]80
2[6,7,11,1,13]80
1[3,4,7,8,6]80
3[12,10,11,9,8]80
3[4,8,14,6,13]80
4[5,13,12,3,11]80
2[4,9,12,5,14]80
1[5,3,4,13,6]80
1[14,9,8,11,12]80
3[12,13,10,9,14]80
2[10,11,8,4,6]80
1[12,11,10,9,4]80
6[13,1,11,7,4]80
1[3,7,5,6,13]80
5[14,12,11,6,9]80
2[1,11,6,12,13]80
2[13,11,10,7,6]80
1[8,12,14,6,3]80
1[9,12,6,13,11]80
1[10,11,3,12,6]80
1[14,10,7,4,6]80
6[2,5,7,9,1]80
1[8,5,12,11,4]80
1[12,6,11,8,9]80
1[2,4,11,13,9]80
2[4,9,7,8,5]80
4[5,2,6,13,7]80
3[5,9,8,10,4]80
5[12,3,10,2,6]80
6[7,1,9,14,5]80
6[3,1,7,2,14]80
3[11,10,9,7,8]80
1[7,3,10,14,11]80
2[6,9,10,5,12]80
1[14,3,9,11,2]80
