4[2,7,14,1,8]120
5[10,3,11,2,8]120
3[6,4,1,7,13]120
1[5,9,13,8,3]120
5[14,6,2,8,7]120
3[10,5,13,14,1]120
1[6,4,9,12,2]120
6[9,2,5,1,3]120
6[14,4,1,8,11]120
6[2,8,5,9,7]120
5[14,4,2,6,11]120
3[8,5,13,10,4]120
2[12,9,11,3,4]120
5[12,7,3,9,11]120
3[11,12,9,10,13]120
1[5,9,11,6,7]120
2[5,12,7,11,6]120
1[14,11,8,12,9]120
1[8,3,10,7,2]120
1[2,5,12,11,13]120
5[1,13,14,10,8]120
3[4,13,6,1,2]120
2[6,14,11,3,10]120
4[7,5,11,3,14]120
5[6,9,8,4,13]120
1[12,7,6,4,3]120
2[1,3,5,4,14]120
2[6,7,9,8,13]120
6[11,10,2,12,8]120
4[10,3,7,11,6]120
1[4,6,3,14,10]120
4[14,5,11,3,12]120
1[9,14,10,2,13]120
4[8,3,6,2,12]120
1[10,4,3,2,5]120
5[4,2,11,6,9]120
2[5,3,9,1,11]120
2[13,8,7,12,3]120
6[11,1,12,5,3]120
3[4,2,10,1,6]120
5[14,10,3,13,7]120
4[11,12,9,7,1]120
3[5,10,9,4,8]120
6[1,4,3,8,7]120
1[10,9,13,11,6]120
2[12,14,11,9,4]120
6[13,8,3,7,9]120
4[14,6,1,10,7]120
6[9,10,7,13,4]120
5[2,9,13,7,11]120
1[4,3,10,2,14]120
5[7,13,9,10,2]120
5[7,8,9,6,13]120
6[13,3,4,9,10]120
3[4,13,12,9,14]120
6[10,3,12,14,4]120
6[14,11,5,12,2]120
3[14,13,7,9,4]120
4[1,2,14,3,8]120
2[10,14,6,1,13]120
1[10,8,3,7,2]120
2[3,11,9,7,12]120
2[14,1,10,6,5]120
1[13,6,9,3,10]120
5[2,6,13,14,7]120
5[4,2,3,10,6]120
6[12,9,14,3,13]120
6[5,11,14,1,2]120
4[2,9,1,12,7]120
4[6,1,11,7,12]120
1[9,6,13,4,3]120
5[9,6,7,8,11]120
6[5,9,4,3,1]120
3[2,12,4,8,11]120
6[12,10,11,3,13]120
4[3,8,10,14,9]120
2[11,1,14,9,5]120
4[3,6,9,12,10]120
3[2,6,5,14,11]120
5[3,8,11,7,13]120
4[10,14,5,11,6]120
4[12,8,13,9,14]120
2[9,13,4,1,5]120
1[6,11,10,3,12]120
5[12,11,10,4,13]120
3[7,9,6,5,8]120
3[9,13,5,10,6]120
1[13,7,14,5,3]120
6[9,2,14,4,10]120
3[1,4,12,5,2]120
2[3,13,9,4,6]120
4[13,11,1,6,2]120
5[10,3,13,2,7]120
5[8,10,2,4,7]120
1[3,6,9,11,12]120
3[1,8,14,6,12]120
4[1,8,9,12,5]120
3[11,5,7,9,1]120
3[9,7,12,10,4]120
2[5,4,13,14,3]120
3[10,12,1,9,5]120
2[4,8,3,13,9]120
1[10,6,3,13,12]120
4[14,12,5,13,11]120
3[9,2,13,1,4]120
5[13,1,3,10,14]120
1[8,13,4,6,11]120
4[1,6,11,3,12]120
6[1,9,14,12,3]120
4[12,9,3,6,10]120
6[2,9,10,1,5]120
2[1,4,8,10,11]120
4[3,6,2,12,8]120
4[10,13,3,11,12]120
6[9,2,10,7,1]120
4[12,3,13,9,2]120
5[6,14,12,3,7]120
3[4,1,5,2,10]120
1[7,10,4,13,2]120
5[11,14,9,4,10]120
6[2,10,4,5,14]120
5[7,2,14,6,4]120
3[4,12,7,1,10]120
5[7,4,9,14,12]120
1[14,5,13,6,4]120
3[11,10,13,4,7]120
4[9,13,3,5,7]120
6[13,7,8,9,11]120
4[9,11,12,8,10]120
6[13,5,7,2,1]120
5[12,6,2,1,7]120
3[11,1,10,2,8]120
1[2,12,9,14,7]120
5[2,12,13,4,14]120
3[7,13,8,2,10]120
3[13,1,9,14,10]120
3[11,7,14,5,9]120
2[11,13,3,6,7]120
2[4,5,13,11,6]120
1[6,7,4,11,9]120
1[5,8,4,9,10]120
1[12,4,7,9,10]120
6[5,13,4,12,14]120
6[3,8,13,7,5]120
2[1,4,8,6,12]120
2[1,8,3,9,11]120
2[1,12,13,11,3]120
6[2,10,8,3,9]120
5[3,13,7,14,2]120
2[7,9,6,13,10]120
6[2,9,3,10,12]120
2[8,12,1,7,5]120
4[14,8,6,5,10]120
3[7,2,14,13,12]120
6[4,8,14,5,3]120
2[12,5,10,13,6]120
3[13,2,8,10,6]120
1[2,4,12,6,8]120
5[12,14,6,1,13]120
5[10,6,11,13,9]120
6[14,2,12,10,4]120
2[9,3,4,1,11]120
4[6,1,7,11,13]120
4[1,7,11,8,5]120
6[7,4,1,12,9]120
6[9,11,10,4,12]120
3[8,2,7,10,5]120
5[13,2,1,7,10]120
5[7,10,9,11,4]120
1[2,6,12,4,10]120
1[10,4,8,11,13]120
3[7,2,13,12,4]120
5[14,8,9,11,12]120
5[14,6,1,3,12]120
2[1,3,9,12,10]120
3[12,9,5,11,14]120
2[4,7,5,6,1]120
1[10,5,4,12,8]120
2[14,8,4,9,1]120
1[3,14,4,8,5]120
4[3,5,13,6,10]120
5[9,10,8,13,11]120
2[3,4,7,5,11]120
5[1,13,6,4,8]120
6[2,13,14,12,9]120
1[14,10,9,8,6]120
3[14,12,9,4,7]120
3[6,10,7,14,5]120
5[8,11,3,12,9]120
2[8,7,14,13,9]120
5[10,7,13,8,12]120
4[8,10,6,2,9]120
2[14,4,9,3,13]120
2[11,1,13,12,4]120
1[2,5,3,9,7]120
4[9,11,3,13,7]120
5[9,8,11,12,7]120
6[10,4,11,14,3]120
5[4,3,8,7,6]120
2[1,9,12,14,5]120
3[9,8,11,13,10]120
3[4,1,11,5,7]120
4[11,7,13,10,12]120
2[12,6,4,9,1]120
5[2,7,9,12,10]120
5[14,8,12,13,6]120
2[9,10,1,5,12]120
1[7,13,3,8,14]120
4[14,1,5,10,12]120
1[5,8,10,11,12]120
3[2,12,11,1,14]120
4[7,10,6,2,3]120
1[7,5,14,4,8]120
5[7,11,8,2,6]120
2[6,5,3,7,1]120
6[9,2,10,3,7]120
6[2,1,10,8,9]120
1[9,8,11,6,4]120
4[5,2,8,13,1]120
3[11,9,7,2,1]120
1[9,12,4,11,7]120
2[5,7,4,1,11]120
6[4,7,8,14,9]120
6[12,5,14,3,8]120
1[11,12,4,13,6]120
4[2,10,11,5,6]120
6[9,7,4,14,8]120
5[8,4,7,6,2]120
3[8,4,12,2,5]120
2[10,7,5,12,4]120
2[8,6,1,11,9]120
6[14,2,8,5,1]120
4[5,9,2,10,6]120
4[14,1,6,11,12]120
3[11,10,9,12,13]120
1[3,14,13,12,4]120
5[6,14,11,3,8]120
2[1,5,9,3,10]120
6[10,4,12,8,7]120
3[6,10,9,1,2]120
2[9,7,6,10,8]120
6[4,2,3,7,11]120
2[7,11,10,8,9]120
4[11,3,10,1,2]120
2[12,4,13,14,3]120
6[2,10,7,8,11]120
2[3,12,13,5,7]120
5[13,11,4,6,3]120
4[1,14,2,11,13]120
3[2,11,4,10,1]120
