1[13,8,11,9,4]40
4[14,5,7,13,6]40
3[8,9,14,13,7]40
2[6,3,11,13,4]40
6[11,3,8,1,12]40
2[1,7,6,4,10]40
2[3,7,12,1,5]40
1[2,4,11,14,8]40
5[4,13,3,1,11]40
5[14,8,12,10,1]40
6[12,4,7,5,14]40
2[7,4,8,11,5]40
5[8,11,7,6,10]40
6[10,5,4,12,2]40
4[1,5,12,2,11]40
3[10,5,11,2,4]40
4[12,8,2,14,11]40
6[3,1,14,7,2]40
2[10,5,4,9,6]40
1[5,6,3,2,12]40
5[6,13,4,14,2]40
5[4,3,9,2,7]40
3[7,6,14,1,10]40
3[10,12,13,4,1]40
4[12,10,13,8,14]40
3[4,6,9,2,11]40
4[2,14,13,11,5]40
3[9,12,13,14,1]40
6[5,12,4,9,1]40
2[14,1,10,6,3]40
6[4,11,9,2,13]40
4[2,13,14,11,7]40
4[10,14,2,8,6]40
6[13,8,4,1,10]40
2[5,1,7,8,13]40
1[5,11,13,2,3]40
1[9,8,13,2,14]40
2[1,6,3,8,14]40
6[13,12,5,14,3]40
5[12,3,7,8,13]40
3[6,10,1,13,9]40
2[5,7,12,9,6]40
3[9,14,5,8,7]40
5[2,11,14,1,7]40
3[7,2,9,5,1]40
2[14,13,4,9,5]40
5[13,1,8,9,10]40
6[14,4,7,12,11]40
1[8,4,11,10,13]40
5[3,11,6,13,1]40
5[3,12,7,6,13]40
1[7,9,6,3,8]40
6[4,1,14,9,10]40
1[13,5,2,3,10]40
4[5,9,13,1,6]40
6[3,12,4,11,1]40
2[7,10,6,9,13]40
5[12,8,2,7,13]40
2[6,1,14,10,12]40
6[5,3,8,11,13]40
2[10,6,4,3,8]40
6[7,8,11,4,2]40
6[8,4,11,7,14]40
2[1,9,13,12,8]40
2[9,8,10,6,1]40
2[5,7,4,9,3]40
4[12,9,10,3,1]40
2[10,14,12,13,11]40
4[14,12,10,3,7]40
4[2,8,14,7,5]40
6[4,2,13,3,8]40
6[14,8,11,5,1]40
6[7,12,9,13,2]40
2[7,12,3,14,8]40
3[12,11,4,8,6]40
5[10,6,9,13,4]40
1[14,5,12,9,4]40
3[14,8,13,10,7]40
5[9,14,6,10,2]40
3[5,6,8,13,10]40
4[8,10,12,1,3]40
6[12,5,7,2,9]40
5[11,12,8,7,3]40
3[7,1,6,12,11]40
5[14,6,8,13,1]40
4[9,3,12,1,10]40
6[11,13,2,4,3]40
5[7,2,13,10,9]40
2[11,14,6,3,7]40
4[2,1,12,10,6]40
6[3,9,8,14,11]40
1[10,4,9,13,11]40
3[5,8,1,14,4]40
4[8,12,6,3,9]40
4[6,5,14,9,3]40
3[1,9,8,14,5]40
6[9,2,1,3,4]40
6[4,2,14,9,5]40
1[9,5,12,2,6]40
6[7,8,11,5,2]40
5[10,11,6,1,13]40
4[11,8,10,12,1]40
2[10,12,11,4,8]40
4[11,2,9,1,8]40
2[3,7,9,13,4]40
2[5,8,4,14,9]40
2[11,1,5,3,4]40
1[6,2,11,7,9]40
2[11,4,6,7,8]40
1[13,6,9,8,7]40
5[11,1,9,7,8]40
6[13,8,12,5,7]40
1[3,8,12,2,13]40
4[3,14,13,8,7]40
2[10,8,9,7,1]40
5[9,7,13,8,11]40
3[1,7,11,5,9]40
5[9,2,6,10,14]40
4[2,9,11,14,12]40
6[11,14,4,9,5]40
4[7,8,12,3,10]40
4[10,8,6,7,9]40
5[1,4,6,11,10]40
5[6,8,10,7,13]40
2[7,13,1,9,3]40
1[11,12,8,3,2]40
3[9,11,1,7,4]40
1[14,2,11,6,7]40
2[13,12,11,5,7]40
2[7,12,3,13,1]40
4[13,2,10,14,5]40
2[12,4,1,13,11]40
2[4,10,5,8,9]40
3[8,10,7,9,1]40
5[3,4,14,10,2]40
4[11,10,1,7,8]40
3[8,1,5,4,6]40
3[4,7,14,11,13]40
3[10,6,1,13,14]40
2[4,10,5,9,3]40
2[9,13,6,10,8]40
4[10,12,9,8,3]40
2[10,13,1,8,9]40
3[8,1,9,14,10]40
6[4,8,13,1,7]40
1[7,12,4,14,11]40
4[1,11,2,6,13]40
4[12,13,2,14,6]40
2[6,13,1,10,9]40
3[8,10,9,1,12]40
2[9,11,8,14,1]40
1[13,8,11,3,12]40
5[8,1,2,7,4]40
4[1,10,9,5,2]40
5[7,9,8,6,3]40
1[10,11,4,8,5]40
2[14,3,13,4,8]40
1[4,2,11,8,3]40
6[1,4,14,9,11]40
5[8,13,1,6,7]40
6[8,7,13,14,3]40
2[12,7,10,9,13]40
2[1,3,7,11,12]40
5[13,8,1,9,3]40
5[10,6,3,1,8]40
6[14,3,13,9,2]40
1[2,8,14,10,7]40
5[1,12,2,3,7]40
2[8,4,3,7,1]40
1[11,5,10,8,14]40
4[11,7,9,3,5]40
2[9,7,12,5,10]40
2[7,11,13,3,1]40
5[14,2,4,8,7]40
6[7,2,13,10,3]40
3[14,12,5,10,4]40
5[7,13,10,9,11]40
5[11,8,14,10,7]40
5[3,11,10,8,13]40
1[11,8,3,6,12]40
6[14,11,3,7,5]40
2[3,7,13,5,12]40
4[3,1,9,13,5]40
4[3,10,11,1,12]40
3[8,6,2,7,1]40
6[9,14,8,5,2]40
6[5,1,7,14,4]40
6[14,8,7,11,13]40
5[6,9,14,2,10]40
2[3,9,4,7,11]40
2[9,3,8,4,7]40
4[1,10,3,9,5]40
5[9,6,8,14,10]40
1[10,11,3,4,13]40
3[8,11,14,1,6]40
5[6,3,2,4,9]40
5[11,3,2,4,8]40
6[10,7,5,4,14]40
5[7,2,9,12,3]40
3[14,12,10,9,2]40
6[8,5,2,9,13]40
4[1,2,7,10,14]40
5[11,6,10,2,13]40
1[9,4,6,7,8]40
3[10,14,7,1,12]40
5[3,2,13,12,4]40
3[13,7,14,4,5]40
1[13,5,4,6,14]40
4[5,11,7,10,6]40
5[1,14,7,11,8]40
4[3,8,7,1,2]40
1[14,3,4,2,9]40
2[8,7,10,4,6]40
4[6,8,5,10,9]40
3[4,11,9,5,14]40
3[14,1,13,12,4]40
3[14,8,10,9,12]40
6[5,14,13,3,1]40
1[5,6,13,11,7]40
3[14,5,6,12,1]40
3[14,13,8,5,2]40
5[2,6,10,11,14]40
5[9,13,2,8,12]40
6[5,1,11,12,3]40
3[10,7,11,13,1]40
5[8,13,7,3,14]40
1[8,9,2,14,4]40
4[6,12,9,8,11]40
2[14,10,13,4,9]40
6[1,14,7,12,3]40
6[11,13,3,5,14]40
4[11,9,14,6,7]40
3[11,6,2,9,13]40
5[2,9,4,12,14]40
6[2,14,3,4,9]40
5[8,4,2,7,12]40
3[5,10,12,9,2]40
4[11,10,8,5,2]40
6[10,8,7,9,1]40
4[1,10,3,12,5]40
2[5,6,11,4,7]40
2[6,14,5,10,11]40
4[13,5,9,6,10]40
3[8,6,1,11,14]40
1[11,9,14,6,8]40
1[2,12,5,4,9]40
2[12,13,7,11,9]40
1[7,5,3,6,2]40
3[6,11,9,4,13]40
3[2,12,11,13,7]40
