3[17,7,22,13,2]160
4[2,1,18,17,8]160
2[20,17,7,10,16]160
6[23,14,22,8,17]160
6[22,10,8,24,7]160
1[7,3,23,12,2]160
3[4,17,18,13,10]160
4[2,23,22,6,21]160
4[9,11,3,5,6]160
5[23,22,2,17,19]160
4[5,17,14,10,12]160
3[11,10,18,23,2]160
3[11,18,20,23,22]160
1[8,22,11,12,4]160
5[7,1,17,23,3]160
5[3,16,24,15,7]160
5[17,23,20,1,9]160
3[13,15,14,24,18]160
2[8,12,6,18,17]160
4[13,19,18,7,9]160
4[16,2,12,9,19]160
1[17,16,5,10,15]160
5[14,24,3,1,12]160
1[23,20,19,24,7]160
6[17,20,13,18,22]160
5[18,24,12,4,9]160
3[12,14,15,16,18]160
1[4,7,16,24,14]160
3[24,1,11,5,19]160
3[7,23,4,13,22]160
3[13,21,6,1,20]160
5[20,14,11,2,17]160
6[24,15,9,1,18]160
6[16,14,2,22,3]160
6[1,20,19,22,21]160
5[23,22,1,17,20]160
1[2,22,16,13,20]160
4[6,23,2,3,24]160
1[5,18,11,22,7]160
1[10,6,14,21,7]160
5[8,21,4,1,10]160
6[4,10,13,5,1]160
1[5,2,16,3,24]160
6[8,5,19,23,20]160
2[22,12,10,19,13]160
5[9,17,4,8,21]160
2[4,6,22,10,23]160
1[24,18,15,2,14]160
3[20,21,1,14,4]160
5[15,17,13,20,2]160
5[10,7,11,4,15]160
1[16,15,23,9,11]160
6[3,12,14,19,11]160
5[12,6,7,14,8]160
6[22,4,2,13,7]160
4[9,11,8,15,20]160
6[17,20,3,16,10]160
2[15,14,19,22,4]160
3[15,23,12,20,17]160
6[20,19,14,16,17]160
5[23,11,14,17,8]160
1[14,19,23,18,16]160
5[16,19,20,24,21]160
6[12,17,14,9,21]160
5[7,24,3,1,10]160
2[15,22,16,21,12]160
3[10,11,14,19,7]160
4[15,23,9,13,18]160
3[20,6,22,10,14]160
2[22,16,1,14,11]160
3[21,17,24,8,11]160
5[14,20,8,2,17]160
6[12,17,4,2,24]160
1[11,9,22,4,24]160
4[1,16,3,2,20]160
1[10,24,4,11,15]160
1[18,6,12,24,16]160
4[19,9,12,5,20]160
1[18,5,4,16,13]160
2[22,11,12,10,1]160
1[24,18,6,15,4]160
6[10,9,2,12,18]160
5[21,22,7,9,6]160
4[7,9,11,8,14]160
5[20,8,22,15,6]160
6[24,19,12,22,7]160
1[18,19,7,22,16]160
6[22,8,19,12,13]160
2[1,20,21,14,3]160
6[16,13,9,10,11]160
3[2,22,16,10,5]160
1[10,22,20,16,3]160
2[3,1,22,21,15]160
3[13,1,4,5,16]160
5[6,20,22,12,17]160
2[7,10,13,22,21]160
1[22,16,2,18,4]160
2[4,14,10,18,12]160
6[10,8,21,22,15]160
3[24,7,22,9,21]160
1[7,10,4,5,12]160
1[6,17,11,2,4]160
4[22,21,16,11,20]160
6[16,18,11,13,22]160
3[8,9,7,13,15]160
5[8,17,19,11,12]160
1[19,18,16,5,21]160
4[20,23,7,21,14]160
2[6,16,24,15,5]160
4[8,5,18,22,6]160
4[22,16,24,20,13]160
6[13,9,20,1,21]160
2[16,11,22,9,8]160
4[24,19,18,9,8]160
1[9,12,17,21,16]160
1[15,10,16,20,7]160
2[14,11,9,21,13]160
6[5,17,20,7,12]160
3[23,14,13,20,21]160
3[20,1,6,4,8]160
6[3,7,10,5,2]160
3[2,23,9,8,14]160
6[8,17,11,5,14]160
1[22,3,14,11,19]160
4[7,20,15,11,6]160
2[12,18,21,24,5]160
3[6,9,21,16,18]160
4[11,15,24,1,18]160
5[17,3,1,24,7]160
1[8,11,9,14,2]160
3[12,13,19,18,2]160
4[15,17,16,13,18]160
3[21,20,14,24,7]160
3[6,4,23,22,1]160
5[1,22,6,23,21]160
2[23,14,7,20,16]160
1[7,3,20,22,11]160
1[8,9,7,5,24]160
1[15,16,10,5,8]160
3[20,5,12,9,16]160
4[19,24,1,11,2]160
3[11,12,21,5,22]160
1[12,20,14,6,21]160
6[14,9,19,21,5]160
3[18,16,20,15,21]160
3[23,15,22,10,4]160
1[5,8,2,4,3]160
1[15,2,9,5,22]160
3[19,9,16,13,1]160
4[22,9,12,10,20]160
3[1,24,5,2,7]160
3[13,18,5,11,8]160
1[20,3,18,8,5]160
1[7,19,3,16,6]160
1[18,17,19,6,2]160
6[1,23,9,7,17]160
3[13,11,4,8,18]160
3[16,1,13,8,14]160
6[22,20,4,17,14]160
2[5,16,19,18,17]160
5[7,18,4,17,13]160
6[9,2,22,10,19]160
2[6,3,23,17,18]160
4[12,9,23,24,1]160
1[8,16,19,24,9]160
5[9,14,17,7,6]160
6[24,23,12,8,10]160
3[16,23,12,8,1]160
6[20,21,8,1,14]160
5[10,2,24,4,19]160
5[3,15,20,18,4]160
3[20,13,8,16,15]160
4[17,19,23,22,14]160
4[21,17,24,20,8]160
3[4,16,17,8,22]160
2[18,16,1,17,3]160
4[5,18,20,22,2]160
4[22,19,12,11,21]160
2[15,9,20,19,16]160
5[7,21,23,11,3]160
1[7,6,3,24,10]160
4[24,17,8,7,11]160
4[21,5,13,24,6]160
2[4,5,1,21,13]160
3[5,7,20,14,24]160
5[14,15,4,24,19]160
2[18,22,6,17,3]160
6[17,14,8,1,24]160
2[13,10,16,17,12]160
2[17,13,3,11,8]160
1[22,19,21,24,2]160
4[10,5,21,2,18]160
1[10,23,6,9,13]160
1[10,22,12,19,18]160
6[10,14,21,4,12]160
6[9,17,22,1,11]160
6[3,22,5,16,17]160
1[13,11,2,20,18]160
2[9,6,4,24,16]160
5[20,1,6,8,11]160
2[11,23,20,13,22]160
1[18,12,14,3,10]160
3[13,21,17,24,5]160
1[10,3,21,18,8]160
6[1,23,18,24,9]160
4[9,12,14,6,13]160
5[1,20,21,15,10]160
3[10,4,20,23,11]160
6[11,23,15,19,1]160
2[23,4,19,22,1]160
5[18,16,19,6,12]160
5[18,12,20,19,9]160
6[1,4,20,10,21]160
6[16,7,18,5,24]160
4[16,1,9,17,21]160
6[18,9,1,12,4]160
4[10,7,22,1,24]160
2[17,21,10,18,7]160
5[1,18,16,9,17]160
6[8,24,14,11,19]160
6[9,21,11,8,5]160
2[12,10,9,19,11]160
6[21,9,20,16,15]160
5[22,8,20,15,4]160
6[19,3,8,23,24]160
1[15,22,12,11,14]160
6[5,17,24,22,9]160
4[9,20,22,17,5]160
5[15,22,3,20,16]160
6[4,23,9,18,20]160
1[7,22,13,6,5]160
6[10,8,19,14,1]160
4[14,7,13,3,11]160
4[15,7,9,1,2]160
2[11,19,9,20,3]160
5[18,4,17,7,24]160
1[18,23,6,12,7]160
1[11,18,12,5,23]160
1[16,22,14,23,12]160
3[9,14,11,1,18]160
5[20,1,18,14,3]160
1[16,11,10,5,24]160
6[12,4,23,15,9]160
1[24,15,20,18,5]160
2[14,8,15,24,16]160
3[1,20,18,10,9]160
3[8,7,1,24,14]160
1[22,20,19,7,12]160
2[23,15,9,21,16]160
1[19,6,10,14,21]160
