1[18,4,3,7,22]40
4[16,17,6,3,14]40
1[10,21,6,3,9]160
1[4,3,13,7,15]40
3[20,12,24,18,19]160
2[8,16,1,11,13]40
4[11,14,16,17,18]120
6[18,1,5,4,8]160
1[19,3,23,15,11]160
1[7,20,23,19,22]80
2[13,24,5,3,4]40
6[24,2,8,4,3]120
6[18,24,16,23,15]160
3[17,9,16,19,14]120
5[14,11,1,22,17]160
2[21,5,23,11,1]80
3[22,2,1,5,13]40
5[12,2,11,1,6]40
3[10,12,17,4,2]80
1[22,4,10,18,12]40
4[21,9,18,10,23]80
6[24,8,7,12,3]120
6[24,15,17,22,9]80
1[19,21,7,8,23]80
1[13,16,11,4,15]80
4[20,7,17,18,23]160
5[17,10,2,4,16]160
4[20,21,12,19,7]160
1[2,12,15,14,16]40
1[11,17,20,18,6]80
3[19,10,16,21,13]160
4[9,14,8,24,23]80
6[14,17,16,10,22]120
3[7,2,22,1,24]80
1[16,7,19,20,6]120
4[17,18,10,21,2]80
6[8,16,12,21,19]40
1[15,9,14,7,3]40
4[17,10,21,22,24]80
6[14,5,15,2,1]120
4[11,2,23,13,3]40
1[22,2,23,7,9]160
1[24,20,15,4,23]80
5[4,13,2,10,20]160
6[21,15,11,20,14]160
3[2,10,16,18,19]120
6[3,15,16,8,14]160
3[19,11,24,20,21]80
1[18,5,22,9,20]40
1[12,4,13,19,5]80
6[16,4,10,17,18]80
6[12,2,14,19,10]120
4[15,18,21,7,13]160
6[8,19,3,9,12]40
6[5,21,11,2,22]80
2[13,19,18,8,16]40
2[22,1,6,4,14]160
6[10,3,8,9,5]40
4[20,1,24,12,18]80
1[18,7,11,23,19]80
3[15,24,13,10,6]80
2[24,15,14,9,3]120
4[19,1,10,6,18]120
1[11,18,3,16,19]40
6[21,5,15,14,2]120
5[7,17,4,15,1]40
6[11,20,9,18,14]80
3[14,13,2,11,19]40
5[20,6,13,9,1]120
6[7,8,19,11,10]80
2[5,21,3,7,11]160
2[18,5,8,4,6]120
1[11,4,17,22,3]80
5[20,8,24,10,11]120
6[5,10,15,11,23]80
3[18,22,23,10,11]40
4[11,8,15,1,13]120
5[18,15,12,9,16]80
2[5,1,15,14,9]40
4[17,20,8,11,1]80
4[15,19,14,18,13]120
2[22,14,15,7,16]40
2[4,15,10,7,20]40
3[15,1,14,2,10]160
2[3,15,10,13,20]160
2[15,4,3,19,9]160
1[17,16,6,15,10]40
1[2,3,17,21,6]40
6[18,9,22,15,12]120
2[23,15,11,4,16]120
3[19,7,10,22,4]40
6[10,5,21,2,1]40
5[12,11,20,2,14]80
2[8,13,15,16,3]120
6[20,11,9,2,21]160
3[2,21,17,8,20]120
4[18,11,20,6,12]40
6[15,16,3,24,2]80
6[19,14,7,24,18]160
2[12,10,13,24,18]80
2[21,20,23,11,18]120
1[12,9,21,17,10]40
3[2,15,23,9,10]80
4[2,5,19,21,17]40
6[15,5,12,14,9]160
2[16,5,24,4,13]80
5[15,2,7,6,12]120
1[9,17,6,19,5]120
3[18,15,21,1,22]80
5[2,12,23,6,21]40
5[10,14,8,24,15]80
5[13,19,17,14,10]160
4[18,2,16,14,22]160
2[8,18,9,7,4]120
1[9,24,21,15,23]40
1[11,24,14,3,22]120
4[17,22,19,15,8]40
1[10,16,14,9,2]40
5[17,15,2,16,3]80
5[16,2,17,12,7]80
1[13,16,8,21,17]40
1[4,18,22,24,16]40
3[15,6,11,21,23]120
5[10,24,17,16,12]120
4[18,10,9,6,5]40
6[1,24,20,21,4]120
4[6,2,12,23,16]40
4[11,2,1,23,17]160
6[1,11,13,21,15]80
3[7,6,1,22,2]80
2[23,12,10,22,16]120
6[12,13,2,18,22]160
3[22,15,4,12,21]120
2[17,14,23,13,4]80
4[1,20,5,9,11]40
6[14,18,24,15,16]120
6[12,9,8,19,10]80
3[12,10,13,9,6]40
1[7,2,21,6,3]120
1[14,16,12,22,20]160
1[6,23,5,10,2]120
4[9,18,17,22,15]160
3[12,2,14,5,16]40
2[4,11,15,6,8]40
6[12,24,22,3,17]80
1[9,22,8,18,4]120
1[5,23,8,15,17]160
6[10,12,24,13,16]160
4[8,10,24,19,15]160
5[7,15,22,20,6]120
3[2,23,18,15,5]80
3[1,14,9,6,15]160
6[19,3,14,15,1]160
6[24,3,18,20,21]160
3[9,18,15,20,14]80
4[11,22,3,8,17]40
4[12,10,6,16,2]160
5[7,12,22,2,8]120
3[9,13,10,22,24]80
6[15,13,4,3,11]160
5[24,22,6,2,13]40
6[4,13,2,21,8]40
1[11,22,3,5,10]40
5[7,22,19,21,18]40
6[2,17,5,23,16]80
1[23,24,19,4,11]160
4[2,6,10,8,22]160
3[11,23,7,5,13]120
4[20,15,14,5,17]160
2[16,15,8,11,1]40
6[7,3,10,11,5]120
2[23,9,6,21,12]40
1[23,14,4,6,8]40
5[10,1,12,14,18]120
5[23,16,17,13,14]160
6[19,11,3,14,7]80
4[6,20,14,24,9]120
1[8,7,24,3,10]80
3[6,5,16,20,23]120
2[1,4,5,9,21]120
2[5,3,12,19,17]160
4[9,17,16,13,12]120
5[19,22,17,15,13]80
2[7,5,22,24,8]120
1[20,13,14,15,8]160
2[5,17,19,7,21]120
6[14,8,2,22,19]120
5[14,20,12,8,16]120
6[19,1,5,13,15]40
5[16,17,15,6,8]80
4[5,21,11,19,15]40
6[13,1,24,9,15]120
5[9,6,20,16,12]80
4[18,17,11,6,14]80
6[10,18,11,12,15]120
1[16,5,12,11,7]40
6[11,2,3,9,18]40
1[22,12,2,3,20]160
5[2,20,19,7,24]80
1[3,20,2,19,13]120
4[1,8,6,16,9]120
5[24,1,15,3,6]80
1[15,5,6,18,21]80
6[8,20,7,2,4]80
5[15,24,10,4,2]40
1[11,20,16,15,6]160
1[3,9,13,11,7]160
5[17,19,10,16,14]40
4[5,24,17,14,16]120
4[20,8,15,22,10]160
1[8,15,7,6,14]80
2[5,15,1,18,10]160
4[12,8,2,23,5]40
1[7,3,22,16,23]40
3[7,1,5,15,23]120
5[19,16,8,17,12]120
3[1,19,13,15,2]120
2[15,3,16,6,10]120
1[20,6,23,9,11]40
5[6,18,9,1,14]80
6[9,12,4,19,20]120
4[23,8,12,7,5]40
4[9,1,17,24,10]160
3[23,10,5,14,2]40
6[7,16,18,9,2]40
4[20,10,22,23,12]80
4[21,14,22,5,10]40
3[8,13,15,9,10]80
1[14,19,23,2,24]80
1[8,14,24,11,21]40
5[14,16,21,11,4]80
2[9,11,3,17,7]40
1[11,8,15,17,21]40
1[12,6,8,14,5]120
6[4,14,21,16,7]120
3[17,21,16,9,19]160
5[3,13,24,19,9]40
6[18,7,5,9,21]80
6[14,21,17,18,9]40
1[14,22,16,10,15]160
4[15,10,16,11,3]160
5[8,15,24,22,17]160
4[8,18,9,21,12]40
6[11,22,14,18,13]160
2[8,9,10,24,16]120
5[21,23,6,22,24]160
3[21,2,9,7,13]160
3[13,23,19,1,20]160
5[11,14,9,8,13]120
2[22,16,1,12,23]160
