4[18,21,6,22,12]80
3[18,21,17,7,22]80
5[23,6,15,24,10]80
5[1,19,14,15,2]80
1[15,2,7,23,10]80
2[18,1,11,8,14]80
2[16,12,9,3,10]80
5[14,23,6,15,17]80
6[2,14,4,8,1]80
6[2,17,11,1,7]80
2[22,19,21,13,20]80
1[4,10,14,15,8]80
5[4,13,15,7,2]80
2[23,6,8,3,9]80
4[10,12,22,19,21]80
4[24,11,17,12,20]80
3[7,17,22,10,21]80
4[13,24,15,22,2]80
4[16,19,12,24,8]80
5[13,20,4,15,7]80
4[15,8,6,23,10]80
6[13,7,19,15,16]80
1[11,15,12,20,8]80
1[12,14,3,19,11]80
5[19,21,3,16,24]80
2[12,18,17,5,10]80
3[17,10,18,8,12]80
2[22,18,1,16,4]80
1[12,13,15,11,6]80
5[15,24,23,14,21]80
4[6,15,24,11,9]80
1[18,15,7,9,6]80
6[21,24,8,11,7]80
5[24,15,8,3,11]80
5[13,2,15,11,21]80
1[3,22,13,10,4]80
4[23,5,8,6,11]80
1[8,9,3,22,21]80
4[3,19,17,8,23]80
3[12,6,2,21,10]80
2[21,16,23,9,11]80
3[17,16,11,22,5]80
1[5,9,6,7,17]80
2[8,5,12,22,16]80
2[16,7,5,21,15]80
5[7,17,3,12,10]80
5[2,12,6,3,4]80
2[13,5,18,9,8]80
1[2,23,11,6,20]80
6[22,21,8,15,17]80
6[7,11,13,19,8]80
4[7,17,14,12,8]80
3[22,8,7,9,23]80
2[17,5,9,15,6]80
6[11,20,22,4,14]80
6[2,16,20,12,24]80
1[15,4,24,8,5]80
1[5,3,10,9,4]80
6[2,5,10,23,19]80
1[2,3,19,7,9]80
4[7,23,15,19,3]80
1[4,8,17,11,24]80
6[7,11,18,23,5]80
6[18,22,8,9,1]80
6[2,5,16,3,7]80
2[22,5,7,12,23]80
2[15,23,11,24,13]80
5[1,14,8,22,2]80
4[23,13,17,6,22]80
2[1,3,11,10,7]80
3[7,21,1,9,6]80
6[16,12,14,2,4]80
4[22,8,6,23,20]80
3[8,13,11,21,22]80
1[11,2,17,9,15]80
1[18,16,5,4,12]80
3[12,24,1,19,5]80
4[9,24,1,19,13]80
5[18,8,2,20,4]80
4[2,7,22,3,14]80
5[2,8,23,4,12]80
1[15,20,21,24,7]80
1[8,10,12,9,5]80
2[5,9,16,13,22]80
4[3,7,13,11,15]80
2[13,15,12,18,5]80
3[17,16,19,24,18]80
2[1,15,11,4,10]80
2[24,11,15,3,10]80
2[22,5,10,8,14]80
6[1,13,18,11,20]80
2[3,12,17,5,1]80
1[14,13,18,5,8]80
2[22,6,17,19,20]80
2[14,10,24,6,12]80
4[16,13,11,20,5]80
3[11,9,7,15,8]80
6[17,20,18,14,4]80
3[5,11,4,15,6]80
6[11,16,24,14,5]80
3[13,6,21,19,7]80
1[14,7,8,2,17]80
6[2,20,24,15,3]80
2[3,23,17,7,15]80
4[20,12,6,15,21]80
2[16,9,8,12,5]80
1[10,14,13,12,15]80
3[11,8,18,12,23]80
2[6,13,19,22,9]80
5[8,19,2,6,7]80
1[5,3,22,16,8]80
5[12,16,22,17,6]80
1[8,14,6,12,17]80
6[16,8,21,24,2]80
3[16,14,15,1,9]80
2[17,3,18,9,11]80
5[7,3,2,9,13]80
5[3,12,17,21,23]80
3[20,2,5,6,22]80
1[15,2,9,10,4]80
4[8,16,15,21,14]80
2[19,14,7,3,11]80
1[15,8,20,14,10]80
6[5,10,24,19,22]80
6[7,2,23,20,3]80
4[21,16,9,6,12]80
5[4,24,15,11,17]80
4[17,3,7,5,10]80
3[5,20,14,9,11]80
5[10,14,12,7,6]80
3[14,18,13,21,8]80
4[17,12,3,20,23]80
5[13,21,6,18,1]80
4[22,17,15,10,8]80
2[23,13,1,15,17]80
2[19,14,4,21,15]80
2[12,22,15,1,7]80
1[18,8,23,7,5]80
2[5,6,12,15,23]80
1[13,8,19,24,14]80
3[4,16,6,7,21]80
6[21,3,7,13,2]80
5[3,13,14,21,16]80
5[2,22,14,13,17]80
3[11,21,1,9,4]80
6[3,9,10,22,13]80
3[4,11,5,23,20]80
2[24,15,17,11,16]80
5[19,2,1,13,23]80
5[15,19,2,11,12]80
3[16,10,15,17,8]80
3[22,19,9,2,13]80
6[24,19,15,9,17]80
3[2,17,6,20,10]80
5[16,9,1,17,15]80
3[18,10,24,11,4]80
4[2,17,13,10,12]80
6[15,18,21,9,16]80
3[10,7,16,1,11]80
2[13,10,1,9,3]80
6[17,4,23,12,19]80
4[14,5,7,11,15]80
6[13,4,21,22,10]80
3[2,5,17,12,19]80
3[13,1,5,2,20]80
3[9,23,11,2,21]80
1[16,5,22,15,6]80
5[19,4,20,12,10]80
5[13,11,4,21,24]80
5[16,22,1,2,10]80
6[13,14,22,1,23]80
3[1,6,17,24,21]80
2[13,5,24,16,17]80
2[10,24,9,16,23]80
5[2,16,9,1,15]80
2[18,17,5,8,7]80
6[11,7,16,10,24]80
5[7,3,16,17,20]80
6[7,18,20,9,24]80
4[14,11,3,13,12]80
5[23,21,1,11,7]80
2[21,13,6,3,11]80
2[11,1,16,18,23]80
3[12,15,13,2,19]80
5[11,8,10,13,20]80
4[17,13,8,19,16]80
5[18,24,22,20,7]80
5[4,12,18,24,6]80
3[4,1,16,18,22]80
6[17,5,9,23,21]80
1[19,16,23,18,13]80
6[18,11,19,14,2]80
1[14,15,19,20,8]80
6[14,19,22,23,5]80
6[16,2,8,14,5]80
4[14,9,16,23,3]80
6[23,10,16,2,4]80
5[7,17,21,10,18]80
5[21,12,23,16,7]80
3[5,18,22,15,21]80
4[19,22,23,17,20]80
4[9,21,20,5,11]80
1[22,23,21,18,7]80
6[1,14,20,8,12]80
5[17,21,11,15,12]80
6[1,3,20,22,24]80
4[15,20,5,3,16]80
5[6,13,22,21,11]80
4[24,6,7,15,13]80
2[11,13,7,17,21]80
4[22,9,17,5,6]80
3[20,14,17,18,22]80
1[20,18,15,19,13]80
3[1,22,23,11,10]80
6[1,7,17,4,14]80
4[5,7,17,19,18]80
3[9,17,6,8,14]80
4[18,24,15,23,11]80
4[6,23,24,20,11]80
6[12,2,1,21,22]80
3[6,11,18,24,12]80
2[17,6,1,11,12]80
5[1,24,9,18,19]80
2[6,4,13,23,18]80
1[7,5,12,9,4]80
5[16,3,13,24,14]80
4[16,14,10,2,17]80
2[4,7,14,19,17]80
2[12,15,13,19,23]80
4[16,12,14,19,7]80
3[15,17,23,18,2]80
5[20,24,7,4,6]80
1[5,17,19,13,7]80
3[16,6,8,7,17]80
1[16,10,11,5,14]80
4[23,11,22,1,24]80
1[6,15,7,5,12]80
2[6,21,22,13,3]80
1[18,12,2,16,17]80
5[14,24,17,8,11]80
3[17,7,5,23,18]80
6[20,5,18,22,3]80
1[21,8,24,13,18]80
2[8,1,14,12,3]80
1[20,13,17,23,24]80
3[7,17,19,15,4]80
5[2,11,14,3,17]80
2[5,10,20,7,9]80
4[3,8,20,22,1]80
3[5,8,6,13,11]80
