1[2,9,11,10,3]40
4[13,14,9,12,5]40
3[4,9,10,14,15]40
2[8,24,15,22,12]40
6[5,13,23,1,22]40
2[24,6,10,15,21]40
2[11,21,17,13,7]40
1[23,7,2,13,4]40
5[4,23,12,1,19]40
5[14,3,15,10,12]40
6[18,17,15,16,24]40
2[17,10,21,8,5]40
5[12,6,24,18,22]40
6[7,17,18,10,12]40
4[19,1,3,2,8]40
3[5,2,12,16,21]40
4[8,17,11,13,2]40
6[2,21,13,17,5]40
2[11,18,6,20,13]40
1[2,6,19,3,9]40
5[7,17,13,24,23]40
5[10,3,24,15,13]40
3[14,17,11,13,22]40
3[12,7,16,17,9]40
4[8,9,5,11,12]40
3[23,24,6,2,21]40
4[8,10,23,12,3]40
3[14,13,12,11,2]40
6[1,10,2,20,23]40
2[22,14,24,16,9]40
6[14,23,21,13,11]40
4[11,15,16,10,14]40
4[20,7,1,19,24]40
6[19,23,17,1,21]40
2[15,14,16,18,21]40
1[21,16,4,13,7]40
1[6,11,13,2,3]40
2[9,7,5,18,10]40
6[15,14,18,24,9]40
5[8,3,11,19,23]40
3[20,24,18,10,22]40
2[13,12,6,20,1]40
3[19,2,21,8,16]40
5[8,17,12,14,9]40
3[24,9,12,4,16]40
2[6,3,11,21,20]40
5[9,13,19,20,18]40
6[1,20,13,23,11]40
1[15,12,8,9,10]40
5[10,1,23,22,2]40
5[2,3,4,18,21]40
1[8,11,2,4,7]40
6[17,19,20,18,1]40
1[14,22,13,2,24]40
4[2,19,12,1,9]40
6[1,18,17,22,21]40
2[24,15,12,7,17]40
5[9,15,3,7,20]40
2[21,4,8,10,14]40
6[19,10,18,8,12]40
2[24,4,10,15,8]40
6[21,22,18,15,17]40
6[5,4,16,8,15]40
2[18,19,8,11,20]40
2[14,23,12,6,10]40
2[15,8,12,6,14]40
4[19,22,10,15,1]40
2[21,5,13,24,11]40
4[19,21,23,14,17]40
4[7,18,5,8,12]40
6[21,7,11,15,8]40
6[18,3,19,7,23]40
6[18,20,21,23,16]40
2[11,3,14,13,24]40
3[4,2,11,9,24]40
5[18,10,20,11,16]40
1[11,7,2,10,9]40
3[6,15,24,10,7]40
5[20,15,4,9,8]40
3[10,12,18,23,14]40
4[16,11,10,14,17]40
6[7,17,8,2,22]40
5[6,16,10,8,18]40
3[1,23,22,10,7]40
5[4,23,2,24,21]40
4[19,6,13,14,18]40
6[20,5,15,3,12]40
5[9,20,12,21,15]40
2[17,15,12,14,9]40
4[20,3,6,21,2]40
6[19,3,21,24,14]40
1[17,12,6,11,19]40
3[11,14,9,24,7]40
4[17,2,15,5,20]40
4[7,10,19,8,18]40
3[15,23,13,11,9]40
6[8,2,18,1,10]40
6[17,2,18,8,3]40
1[24,11,13,14,8]40
6[13,22,8,18,5]40
5[9,21,24,1,4]40
4[2,9,14,22,21]40
2[20,3,24,5,10]40
4[8,24,17,1,3]40
2[14,17,11,10,22]40
2[19,9,11,24,4]40
2[19,21,17,1,6]40
1[12,15,11,5,19]40
2[3,5,16,18,4]40
1[11,19,6,20,22]40
5[7,1,13,8,24]40
6[9,1,12,7,17]40
1[19,17,24,12,2]40
4[6,5,1,10,20]40
2[23,22,10,7,19]40
5[19,4,11,20,18]40
3[1,21,20,5,23]40
5[7,18,10,8,22]40
4[11,13,3,24,8]40
6[15,24,12,20,18]40
4[2,24,18,15,7]40
4[13,1,22,18,15]40
5[6,11,1,21,22]40
5[7,16,21,6,20]40
2[5,7,20,9,24]40
1[3,8,9,4,22]40
3[22,14,24,6,1]40
1[16,2,14,6,17]40
2[11,10,21,5,16]40
2[4,24,9,12,1]40
4[11,7,23,24,2]40
2[8,17,15,23,19]40
2[1,10,9,19,17]40
3[15,13,5,20,17]40
5[1,13,11,21,3]40
4[11,19,8,6,7]40
3[14,4,2,5,8]40
3[9,13,2,11,17]40
3[23,8,16,22,9]40
2[22,19,12,18,15]40
2[10,23,3,20,22]40
4[23,2,3,20,11]40
2[9,4,5,10,7]40
3[11,23,15,24,21]40
6[1,10,12,2,5]40
1[3,4,15,24,12]40
4[9,11,15,17,16]40
4[20,6,8,24,16]40
2[19,12,16,21,8]40
3[15,5,16,13,14]40
2[12,13,19,24,7]40
1[11,6,9,3,24]40
5[12,17,16,18,14]40
4[11,20,1,16,14]40
5[19,16,24,6,21]40
1[3,21,19,8,7]40
2[18,3,1,15,12]40
1[2,17,14,7,5]40
6[9,23,2,19,16]40
5[6,21,4,7,9]40
6[1,5,20,13,11]40
2[14,16,13,21,9]40
2[9,13,4,21,24]40
5[13,10,3,20,2]40
5[14,6,4,1,15]40
6[5,1,9,11,23]40
1[5,16,17,9,18]40
5[20,13,4,14,18]40
2[20,1,21,16,24]40
1[5,24,14,8,16]40
4[19,13,20,15,14]40
2[14,3,20,17,4]40
2[22,4,7,3,9]40
5[8,4,22,18,16]40
6[12,22,20,8,24]40
3[5,11,16,10,1]40
5[3,15,8,10,1]40
5[11,8,20,22,7]40
5[12,1,3,20,19]40
1[23,20,2,16,14]40
6[2,3,23,18,5]40
2[17,6,11,16,1]40
4[10,8,12,23,7]40
4[18,24,11,1,13]40
3[12,8,6,18,15]40
6[12,20,10,5,22]40
6[4,13,11,24,23]40
6[19,23,8,10,13]40
5[4,19,20,2,14]40
2[20,8,1,17,4]40
2[20,3,19,4,10]40
4[14,22,11,19,3]40
5[12,1,21,24,8]40
1[16,4,7,3,11]40
3[24,14,6,1,18]40
5[7,11,17,2,1]40
5[10,13,15,2,17]40
6[16,9,24,4,5]40
5[20,11,16,9,2]40
3[16,21,23,20,1]40
6[21,20,3,7,16]40
4[2,23,14,19,6]40
5[20,1,2,4,14]40
1[21,12,19,5,6]40
3[18,13,6,14,8]40
5[22,11,3,23,1]40
3[24,19,9,4,18]40
1[2,8,13,17,19]40
4[21,8,10,20,14]40
5[18,24,15,21,1]40
4[10,18,1,2,12]40
1[2,8,6,3,14]40
2[6,24,15,4,14]40
4[10,7,3,20,13]40
3[21,14,8,16,11]40
3[19,16,4,24,6]40
3[19,8,23,20,17]40
6[7,2,8,4,12]40
1[23,15,12,21,18]40
3[8,24,16,22,4]40
3[14,2,20,17,6]40
5[2,24,4,20,3]40
5[4,7,13,20,2]40
6[2,23,14,21,11]40
3[12,9,22,11,15]40
5[10,15,19,16,18]40
1[15,8,21,24,3]40
4[21,2,1,9,11]40
2[14,23,20,4,22]40
6[7,4,9,13,16]40
6[15,3,14,5,16]40
4[23,21,12,17,5]40
3[1,11,5,20,17]40
5[12,23,3,10,20]40
6[12,9,1,3,13]40
5[8,2,3,7,22]40
3[12,24,4,9,15]40
4[8,15,14,5,11]40
6[23,12,3,8,19]40
4[13,16,11,9,23]40
2[19,20,21,14,11]40
2[15,13,3,9,1]40
4[20,11,9,17,5]40
3[9,21,1,20,8]40
1[17,24,18,16,21]40
1[15,20,12,14,8]40
2[11,1,24,22,8]40
1[11,7,23,16,24]40
3[23,8,10,4,2]40
3[1,10,16,12,4]40
