3[10,1,5,8,7]160
4[11,9,2,7,5]160
2[7,3,10,6,5]160
6[2,5,10,7,3]160
6[7,2,10,11,1]160
1[3,8,7,11,5]160
3[6,5,8,1,7]160
4[9,5,3,10,8]160
4[5,8,10,6,11]160
5[4,11,10,1,3]160
4[2,1,5,10,8]160
3[6,1,4,2,7]160
3[4,2,10,8,5]160
1[5,9,11,10,4]160
5[1,3,9,2,10]160
5[11,4,8,6,2]160
5[11,6,2,3,7]160
3[6,2,11,5,1]160
2[7,10,5,11,1]160
4[9,11,2,10,8]160
4[7,11,5,1,2]160
1[8,9,7,5,3]160
5[11,2,7,4,8]160
1[11,8,7,4,5]160
6[10,4,9,7,5]160
5[1,3,7,9,2]160
3[2,8,4,7,10]160
1[2,5,11,4,7]160
3[8,4,1,7,9]160
3[10,8,2,1,9]160
3[5,8,6,7,10]160
5[8,4,10,11,2]160
6[3,11,2,1,5]160
6[10,7,11,2,1]160
6[4,1,9,5,10]160
5[10,8,11,6,2]160
1[8,10,2,5,7]160
4[10,3,8,11,6]160
1[3,10,11,5,4]160
1[9,2,6,8,7]160
5[8,4,7,10,11]160
6[3,1,9,2,7]160
1[6,10,4,11,3]160
6[4,8,9,1,3]160
2[8,7,9,10,1]160
5[7,9,8,2,11]160
2[3,11,4,8,1]160
1[10,8,9,5,11]160
3[7,10,5,4,9]160
5[11,8,1,2,7]160
5[7,8,6,10,2]160
1[4,8,5,3,11]160
6[2,1,8,7,10]160
5[1,2,8,11,4]160
6[10,9,5,8,11]160
4[6,1,7,11,10]160
6[8,4,2,7,10]160
2[1,4,8,6,5]160
3[1,7,9,10,2]160
6[2,5,7,1,10]160
5[3,9,11,7,6]160
1[8,4,9,2,11]160
5[2,10,8,7,4]160
6[2,11,7,3,5]160
5[11,10,9,4,7]160
2[1,3,7,4,8]160
3[1,5,11,2,10]160
4[1,11,5,9,2]160
3[8,5,1,2,4]160
2[1,9,6,3,5]160
3[2,6,9,11,8]160
5[4,8,9,10,2]160
6[10,3,5,11,1]160
1[3,6,2,7,11]160
4[11,3,10,8,2]160
1[5,4,3,6,11]160
1[6,10,7,4,11]160
4[2,1,3,9,8]160
1[11,4,10,5,6]160
2[9,1,3,11,4]160
1[5,7,9,8,4]160
6[5,7,10,9,2]160
5[7,9,1,4,11]160
4[3,10,8,6,9]160
5[2,6,8,1,11]160
6[8,9,2,4,3]160
1[2,7,3,4,8]160
6[5,10,2,8,4]160
2[8,5,4,3,9]160
6[3,4,2,7,5]160
3[4,6,7,11,1]160
1[10,5,2,9,6]160
2[10,8,7,9,5]160
3[7,10,11,8,1]160
5[4,8,2,6,7]160
2[11,6,5,4,7]160
1[3,11,8,6,5]160
2[4,11,7,3,1]160
6[2,11,8,1,5]160
3[9,10,7,1,8]160
1[2,7,3,4,9]160
1[8,10,9,3,6]160
4[10,3,9,6,2]160
6[4,10,1,9,5]160
3[4,2,1,6,7]160
5[8,10,1,4,11]160
1[4,3,2,5,7]160
4[10,7,11,5,9]160
2[10,8,4,9,3]160
4[6,1,3,9,2]160
4[8,1,3,2,9]160
6[4,3,8,10,1]160
2[3,10,9,1,7]160
4[10,2,5,9,11]160
1[2,5,11,9,8]160
1[11,8,4,2,9]160
2[9,7,6,11,1]160
6[10,8,3,4,5]160
3[4,2,11,8,6]160
3[10,4,2,7,8]160
6[4,9,5,1,11]160
3[4,8,7,10,5]160
6[7,5,9,10,3]160
1[9,2,11,5,6]160
4[3,2,6,8,10]160
2[10,7,9,8,3]160
3[2,8,4,5,1]160
4[8,11,5,7,9]160
5[2,1,6,8,3]160
1[2,10,5,7,9]160
3[1,6,9,4,10]160
4[6,3,5,2,1]160
3[8,10,11,4,7]160
3[2,1,10,6,8]160
5[10,7,3,11,6]160
2[9,8,7,3,11]160
1[7,9,8,5,6]160
1[5,10,9,4,2]160
1[2,3,7,6,4]160
3[7,11,10,6,2]160
4[3,2,11,1,10]160
3[11,2,9,10,5]160
1[5,2,11,10,3]160
6[8,7,2,5,3]160
3[7,1,11,6,4]160
3[1,2,7,9,10]160
1[5,11,3,6,4]160
1[3,6,11,5,4]160
3[10,9,5,6,11]160
4[7,9,2,11,10]160
3[7,10,2,11,8]160
3[9,11,4,10,6]160
1[8,11,6,7,10]160
1[5,2,8,4,11]160
1[2,6,5,10,3]160
6[10,3,11,2,8]160
3[1,5,11,4,9]160
3[6,5,4,2,9]160
6[11,1,7,3,10]160
2[5,10,7,8,11]160
5[2,4,10,1,3]160
6[3,8,9,1,5]160
2[5,4,3,6,11]160
4[1,2,3,8,9]160
1[6,10,9,3,11]160
5[6,7,8,11,2]160
6[8,9,3,1,11]160
3[2,4,6,10,11]160
6[4,8,1,5,2]160
5[3,7,1,6,8]160
5[7,10,3,11,2]160
3[4,2,11,6,5]160
4[7,5,6,11,8]160
4[11,3,2,1,5]160
3[9,11,10,5,6]160
2[6,1,11,3,9]160
4[2,7,11,6,1]160
4[2,6,3,11,7]160
2[8,7,11,4,1]160
5[11,1,9,6,7]160
1[7,6,3,4,2]160
4[1,2,9,8,6]160
4[7,2,10,11,6]160
2[11,7,8,1,10]160
3[9,2,6,1,8]160
5[10,8,3,7,11]160
2[6,7,4,10,3]160
6[4,10,1,9,8]160
2[1,10,6,3,11]160
2[10,7,6,1,11]160
1[9,8,4,3,7]160
4[5,8,11,7,2]160
1[7,10,3,8,2]160
1[7,8,10,9,4]160
6[9,11,2,1,10]160
6[2,4,1,10,8]160
6[4,8,7,5,10]160
1[6,4,10,7,3]160
2[4,7,9,10,8]160
5[7,4,2,10,6]160
2[1,7,8,5,10]160
1[6,4,2,9,10]160
3[2,4,8,9,10]160
1[11,6,3,7,2]160
6[10,9,8,11,7]160
4[11,2,3,1,10]160
5[6,8,4,2,10]160
3[2,9,10,11,7]160
6[11,7,9,8,4]160
2[1,11,7,5,3]160
5[2,3,11,8,4]160
5[3,10,9,7,11]160
6[2,11,9,4,10]160
6[10,3,11,5,7]160
4[3,5,11,10,2]160
6[1,9,2,7,10]160
4[10,2,5,9,7]160
2[7,6,8,9,1]160
5[11,6,9,3,7]160
6[3,5,4,7,8]160
6[11,1,9,2,3]160
2[8,11,4,1,5]160
6[4,1,8,5,10]160
5[6,4,7,2,9]160
6[8,7,5,1,9]160
1[8,7,6,9,11]160
6[7,5,4,3,11]160
4[10,8,1,5,6]160
5[11,2,3,4,8]160
6[1,9,10,5,3]160
1[10,5,7,2,4]160
6[5,1,4,11,7]160
4[3,2,10,6,8]160
4[5,1,9,2,11]160
2[3,10,4,6,8]160
5[6,10,7,1,4]160
1[9,7,3,10,2]160
1[6,10,11,2,9]160
1[2,9,5,10,3]160
3[1,10,11,9,6]160
5[11,6,7,3,1]160
1[8,7,6,10,4]160
6[7,4,5,10,3]160
1[2,3,11,6,9]160
2[6,9,5,11,8]160
3[5,8,9,11,6]160
3[5,10,6,7,4]160
1[7,6,9,5,8]160
2[10,4,1,5,6]160
1[8,7,6,5,3]160
