3[5,6,4,1,9]160
4[8,6,5,7,3]160
2[10,9,3,12,14]160
6[11,8,12,9,2]160
6[10,5,3,14,1]160
1[6,8,4,13,14]160
3[13,1,4,2,14]160
4[11,1,2,7,9]160
4[5,11,12,3,14]160
5[12,3,9,7,8]160
4[14,8,6,11,1]160
3[9,1,8,13,4]160
3[14,2,4,12,8]160
1[2,12,4,13,6]160
5[3,7,2,13,9]160
5[2,6,10,4,13]160
5[2,13,6,1,14]160
3[6,7,12,14,10]160
2[5,3,13,7,11]160
4[10,11,12,7,14]160
4[8,14,13,9,5]160
1[14,8,9,11,6]160
5[4,2,12,1,11]160
1[8,2,12,14,13]160
6[12,11,5,7,4]160
5[1,10,14,6,11]160
3[1,8,9,4,10]160
1[14,4,5,13,9]160
3[10,11,8,4,1]160
3[11,8,4,14,7]160
3[2,5,14,1,12]160
5[10,8,1,3,4]160
6[11,14,5,1,3]160
6[4,11,3,12,1]160
6[4,12,14,10,7]160
5[14,1,6,8,9]160
1[6,3,12,2,11]160
4[6,11,8,2,7]160
1[6,3,11,12,4]160
1[10,2,6,11,12]160
5[3,1,9,2,14]160
6[1,5,2,8,11]160
1[5,13,10,2,4]160
6[11,3,10,13,12]160
2[3,11,5,9,7]160
5[11,1,12,8,14]160
2[14,13,3,9,10]160
1[13,8,11,2,9]160
3[7,13,2,4,5]160
5[6,1,9,10,12]160
5[3,8,12,6,2]160
1[13,14,8,10,4]160
6[3,5,2,9,4]160
5[9,1,12,14,7]160
6[1,3,12,14,13]160
4[2,9,10,1,6]160
6[8,12,13,4,7]160
2[13,6,8,11,3]160
3[13,6,7,10,1]160
6[14,11,13,4,7]160
5[9,4,10,6,12]160
1[13,10,2,8,9]160
5[14,12,6,13,3]160
6[4,3,5,12,10]160
5[6,14,8,1,12]160
2[13,5,7,11,9]160
3[7,4,14,8,10]160
4[8,11,12,1,10]160
3[13,8,1,11,2]160
2[5,9,12,3,13]160
3[9,5,6,11,8]160
5[2,14,9,3,4]160
6[3,11,8,2,7]160
1[8,5,12,4,14]160
4[1,14,12,2,5]160
1[3,14,7,11,9]160
1[6,13,11,14,8]160
4[3,12,8,6,7]160
1[7,8,10,4,5]160
2[8,5,1,13,7]160
1[12,13,8,4,14]160
6[1,3,13,11,12]160
5[8,12,3,10,14]160
4[7,6,14,9,8]160
5[7,1,9,4,6]160
6[12,11,5,13,7]160
1[4,7,12,11,5]160
6[1,13,7,14,12]160
2[13,11,8,3,6]160
6[2,14,8,11,3]160
3[11,5,2,12,7]160
1[8,5,2,7,14]160
2[1,9,12,11,3]160
3[7,6,2,4,12]160
5[6,14,7,13,12]160
2[11,3,10,12,8]160
1[6,11,13,7,4]160
2[10,14,7,5,6]160
6[13,10,11,9,7]160
3[11,9,5,10,7]160
1[10,9,12,4,11]160
1[8,13,10,2,11]160
4[14,7,6,13,11]160
6[1,3,2,4,14]160
3[13,6,11,12,2]160
5[12,13,1,11,14]160
1[8,6,12,5,3]160
4[5,3,1,12,14]160
2[4,12,6,5,9]160
4[11,12,7,10,9]160
4[14,1,12,10,9]160
6[7,14,8,1,2]160
2[10,9,11,12,8]160
4[10,2,1,12,9]160
1[14,7,10,9,6]160
1[12,2,13,8,11]160
2[9,7,8,11,12]160
6[3,1,8,9,14]160
3[6,7,8,11,4]160
3[5,11,7,2,12]160
6[8,9,7,4,11]160
3[13,10,1,8,9]160
6[3,13,1,8,5]160
1[2,6,7,13,10]160
4[5,2,9,13,12]160
2[4,14,8,13,3]160
3[2,11,4,6,12]160
4[14,3,1,2,9]160
5[8,1,3,14,7]160
1[9,13,4,14,11]160
3[2,9,10,7,4]160
4[7,11,9,2,6]160
3[8,6,5,14,9]160
3[10,1,13,12,9]160
5[12,14,7,11,1]160
2[8,1,7,11,14]160
1[8,12,2,11,6]160
1[6,13,11,5,10]160
1[14,11,4,6,7]160
3[11,14,1,9,12]160
4[9,2,12,13,5]160
3[6,10,8,5,4]160
1[3,6,9,8,7]160
6[2,8,10,11,13]160
3[14,1,2,7,5]160
3[10,5,13,12,7]160
1[4,8,3,5,6]160
1[5,9,10,4,13]160
3[6,10,2,1,7]160
4[2,12,10,11,14]160
3[10,2,6,1,13]160
3[14,7,11,12,5]160
1[14,13,3,8,5]160
1[9,2,12,5,14]160
1[13,11,2,7,10]160
6[9,3,1,8,13]160
3[12,7,10,8,6]160
3[14,1,8,9,6]160
6[4,9,11,7,3]160
2[4,3,9,8,11]160
5[4,8,12,6,1]160
6[1,14,4,10,9]160
2[14,7,5,6,10]160
4[13,5,11,14,6]160
1[10,3,5,14,6]160
5[10,2,14,8,3]160
6[9,12,13,8,14]160
3[8,13,7,10,4]160
6[7,3,5,1,12]160
5[4,2,6,7,14]160
5[2,13,1,8,12]160
3[2,10,6,5,13]160
4[5,1,14,12,7]160
4[6,14,12,10,1]160
3[6,14,7,9,11]160
2[3,9,5,7,13]160
4[8,2,10,12,11]160
4[13,5,6,14,12]160
2[8,7,4,10,1]160
5[1,9,3,13,11]160
1[2,7,13,14,3]160
4[1,12,5,9,14]160
4[10,2,6,14,1]160
2[1,11,8,10,9]160
3[6,7,4,1,9]160
5[12,8,11,14,13]160
2[6,3,9,8,13]160
6[4,13,14,1,8]160
2[10,6,9,4,11]160
2[14,13,6,11,12]160
1[12,5,13,14,6]160
4[13,14,12,2,3]160
1[8,13,5,10,2]160
1[3,14,8,9,10]160
6[5,14,3,7,10]160
6[3,11,9,1,12]160
6[1,14,11,4,3]160
1[3,14,10,8,4]160
2[9,6,4,14,3]160
5[13,8,3,7,10]160
2[3,7,9,1,10]160
1[12,4,6,3,13]160
3[8,6,7,14,12]160
1[7,3,10,8,2]160
6[11,5,12,14,13]160
4[14,2,6,8,10]160
5[6,14,3,4,2]160
3[10,1,14,12,4]160
6[9,3,13,8,5]160
2[6,4,7,13,11]160
5[3,13,10,7,8]160
5[10,6,14,8,3]160
6[2,4,11,10,14]160
6[9,14,12,5,1]160
4[3,5,1,7,13]160
6[8,12,11,13,2]160
4[11,2,5,1,8]160
2[3,13,8,7,1]160
5[8,2,6,11,1]160
6[13,11,4,12,8]160
6[7,1,2,11,12]160
2[8,11,7,6,3]160
6[4,12,2,7,9]160
5[12,8,7,3,11]160
6[11,10,4,13,5]160
1[3,8,6,14,10]160
6[10,13,12,11,7]160
4[12,5,2,8,6]160
5[6,2,11,10,7]160
6[14,1,8,7,9]160
1[9,5,12,7,13]160
6[5,1,11,2,7]160
4[14,2,9,5,7]160
4[3,12,5,1,14]160
2[13,12,10,7,5]160
5[1,3,13,8,14]160
1[5,11,2,14,7]160
1[7,3,4,8,11]160
1[5,6,2,13,8]160
3[4,2,13,1,11]160
5[8,6,14,2,7]160
1[11,14,13,5,12]160
6[7,4,5,2,14]160
1[5,12,14,8,7]160
2[7,1,3,14,12]160
3[8,14,6,11,1]160
3[13,9,4,14,8]160
1[9,6,10,8,5]160
2[8,14,1,11,7]160
1[12,10,3,2,5]160
