1[10,2,5,9,6]40
4[9,5,3,1,8]40
3[7,5,2,11,10]40
2[6,7,11,3,4]40
6[4,8,11,5,1]40
2[6,3,4,8,5]40
2[4,10,8,11,3]40
1[2,10,7,11,8]40
5[1,3,4,7,9]40
5[3,6,11,8,1]40
6[4,1,3,5,8]40
2[7,8,9,5,11]40
5[10,3,11,4,9]40
6[4,10,9,1,3]40
4[1,11,7,3,2]40
3[6,1,10,2,5]40
4[5,6,11,2,3]40
6[5,9,8,4,7]40
2[10,5,1,11,9]40
1[4,9,11,7,2]40
5[8,10,1,11,3]40
5[3,11,7,2,10]40
3[9,2,7,6,5]40
3[2,1,7,5,4]40
4[7,11,3,8,5]40
3[2,6,7,1,8]40
4[10,7,5,1,11]40
3[6,1,7,10,2]40
6[9,1,4,3,2]40
2[4,1,7,6,3]40
6[9,11,5,3,2]40
4[2,10,5,11,8]40
4[7,8,2,9,6]40
6[5,4,2,1,11]40
2[1,9,5,4,6]40
1[3,8,2,11,4]40
1[3,6,7,8,11]40
2[9,1,3,6,11]40
6[4,10,5,8,3]40
5[4,11,2,3,9]40
3[8,10,5,1,11]40
2[6,7,9,11,1]40
3[4,5,7,9,10]40
5[11,3,8,4,7]40
3[8,10,5,1,2]40
2[7,4,6,5,11]40
5[8,1,3,9,6]40
6[4,9,1,11,3]40
1[11,10,8,9,3]40
5[2,11,10,6,7]40
5[1,6,11,8,9]40
1[4,9,3,2,5]40
6[4,5,2,3,11]40
1[5,6,7,11,10]40
4[7,9,6,10,11]40
6[3,5,9,7,8]40
2[5,3,7,8,10]40
5[10,8,6,9,7]40
2[5,6,7,8,10]40
6[5,8,4,11,2]40
2[8,3,6,11,7]40
6[8,3,10,11,2]40
6[3,1,7,11,10]40
2[10,5,1,8,6]40
2[8,5,1,11,3]40
2[11,9,8,3,4]40
4[6,10,11,9,5]40
2[6,4,7,3,8]40
4[5,7,1,3,10]40
4[10,7,8,6,3]40
6[10,9,8,5,4]40
6[9,8,1,3,7]40
6[2,9,7,3,10]40
2[1,9,5,6,10]40
3[5,6,4,11,8]40
5[2,7,11,9,6]40
1[7,5,2,10,11]40
3[2,6,9,4,7]40
5[3,4,6,7,2]40
3[7,5,6,11,4]40
4[8,10,9,3,2]40
6[1,10,11,9,3]40
5[11,8,3,6,10]40
3[6,9,8,7,5]40
5[8,2,4,10,7]40
4[10,11,9,6,3]40
6[8,10,1,7,3]40
5[8,10,2,7,4]40
2[4,8,9,7,6]40
4[5,9,7,6,3]40
6[7,4,1,9,2]40
1[8,7,10,6,5]40
3[10,7,6,11,2]40
4[1,9,2,11,8]40
4[9,5,11,3,10]40
3[6,5,2,7,8]40
6[7,2,1,11,8]40
6[1,10,3,9,5]40
1[7,5,3,4,11]40
6[3,11,1,10,4]40
5[7,3,10,4,2]40
4[9,5,1,10,7]40
2[4,6,8,11,10]40
4[11,2,3,7,9]40
2[9,6,10,4,8]40
2[4,11,7,9,3]40
2[5,9,7,6,8]40
1[2,9,6,8,4]40
2[9,4,10,3,7]40
1[8,3,10,4,5]40
5[6,9,1,3,10]40
6[4,5,2,3,10]40
1[5,4,10,7,3]40
4[8,11,7,3,9]40
2[11,5,4,9,7]40
5[3,8,7,1,2]40
3[4,2,7,10,5]40
5[9,6,2,3,7]40
4[6,1,3,8,10]40
6[3,4,11,9,7]40
4[10,3,11,7,5]40
4[2,9,5,8,3]40
5[4,3,1,9,11]40
5[4,8,6,2,3]40
2[1,4,9,7,3]40
1[8,2,3,6,9]40
3[1,8,10,9,4]40
1[8,5,7,10,2]40
2[1,10,3,9,8]40
2[1,3,6,7,4]40
4[8,10,9,5,3]40
2[3,11,1,6,9]40
2[1,10,6,5,9]40
3[4,7,5,11,1]40
5[1,8,11,6,9]40
4[2,11,7,1,5]40
3[10,5,1,11,8]40
3[5,7,9,2,11]40
3[1,4,7,10,11]40
2[6,7,3,5,4]40
2[3,7,6,4,11]40
4[6,5,10,2,11]40
2[6,3,5,10,7]40
3[7,9,2,8,11]40
6[2,4,10,3,1]40
1[11,2,4,7,5]40
4[5,11,9,3,8]40
4[2,10,8,9,1]40
2[7,3,9,8,11]40
3[7,2,5,8,9]40
2[9,11,8,5,6]40
1[6,9,2,8,10]40
5[6,9,2,8,3]40
4[10,2,9,5,1]40
5[6,1,9,7,4]40
1[8,7,5,3,6]40
2[3,4,11,5,6]40
1[9,2,11,4,3]40
6[9,3,4,1,2]40
5[11,9,2,7,1]40
6[8,3,1,2,7]40
2[8,11,4,1,5]40
2[5,9,1,11,3]40
5[3,9,4,10,8]40
5[7,2,3,4,1]40
6[5,3,4,11,9]40
1[2,11,9,8,7]40
5[7,9,3,6,4]40
2[5,4,6,3,9]40
1[10,5,7,9,11]40
4[8,11,9,2,10]40
2[5,4,3,10,11]40
2[1,11,4,6,8]40
5[4,2,7,1,3]40
6[2,7,1,11,4]40
3[10,2,6,1,11]40
5[6,2,10,11,7]40
5[7,9,6,8,3]40
5[6,3,10,8,9]40
1[8,2,3,11,7]40
6[7,4,11,9,1]40
2[11,9,3,7,4]40
4[11,5,10,1,8]40
4[9,2,6,8,1]40
3[6,10,5,11,7]40
6[11,3,1,9,4]40
6[11,4,10,3,5]40
6[7,1,8,11,4]40
5[10,4,2,11,6]40
2[10,1,6,8,5]40
2[9,3,6,5,8]40
4[9,6,1,8,3]40
5[1,3,2,4,8]40
1[6,11,2,7,4]40
3[2,5,11,10,1]40
5[9,7,10,2,6]40
5[10,7,11,3,6]40
6[1,11,2,5,7]40
5[10,6,3,7,2]40
3[4,2,6,5,10]40
6[9,2,8,1,4]40
4[5,9,3,6,7]40
5[3,2,10,11,8]40
1[8,7,6,3,2]40
3[1,5,11,9,4]40
5[1,3,11,8,9]40
3[6,8,5,1,11]40
1[11,8,2,6,5]40
4[5,8,11,7,1]40
5[11,10,7,8,6]40
4[7,11,5,9,1]40
1[7,10,8,3,4]40
2[8,4,3,9,7]40
4[7,11,10,3,2]40
3[8,4,9,6,11]40
3[4,6,1,9,10]40
3[7,1,10,6,9]40
6[8,7,2,9,5]40
1[6,5,8,7,2]40
3[6,1,2,9,8]40
3[1,11,6,8,4]40
5[11,1,9,8,4]40
5[4,2,11,6,9]40
6[8,9,3,4,10]40
3[6,8,2,4,1]40
5[6,7,8,10,3]40
1[7,5,3,6,4]40
4[10,1,8,9,6]40
2[11,10,7,6,5]40
6[1,11,8,2,9]40
6[11,9,2,8,10]40
4[11,2,7,3,9]40
3[1,10,11,7,8]40
5[8,9,10,11,7]40
6[2,11,3,8,4]40
5[3,1,4,10,8]40
3[7,2,9,10,8]40
4[7,8,2,6,10]40
6[11,8,2,3,7]40
4[6,10,11,1,3]40
2[8,1,3,5,11]40
2[1,5,9,4,8]40
4[8,9,5,7,11]40
3[2,4,9,5,11]40
1[6,3,7,10,5]40
1[3,2,6,9,5]40
2[6,10,11,4,7]40
1[5,6,11,10,2]40
3[1,5,4,10,9]40
3[9,1,2,6,10]40
