4[16,14,22,1,23]120
5[9,21,4,2,23]120
3[17,19,11,4,12]120
1[21,2,22,18,12]120
5[15,3,16,7,18]120
3[24,21,22,23,15]120
1[23,14,20,21,18]120
6[24,17,10,13,9]120
6[9,22,20,5,13]120
6[18,9,1,19,7]120
5[3,12,19,4,8]120
3[13,20,7,9,12]120
2[13,24,22,14,9]120
5[14,18,12,20,4]120
3[23,21,17,9,22]120
1[23,8,4,6,10]120
2[13,5,17,22,21]120
1[11,20,9,23,15]120
1[23,9,20,6,19]120
1[18,23,4,10,8]120
5[6,19,3,22,16]120
3[11,15,12,1,7]120
2[15,24,1,4,9]120
4[15,20,17,14,22]120
5[8,21,9,4,1]120
1[17,15,13,16,6]120
2[5,7,20,1,17]120
2[1,23,10,7,11]120
6[14,1,10,22,3]120
4[3,5,6,21,11]120
1[24,13,22,11,14]120
4[11,20,19,15,1]120
1[21,11,20,2,10]120
4[17,12,2,15,22]120
1[6,7,21,2,4]120
5[14,11,2,4,24]120
2[6,20,3,14,10]120
2[14,10,16,11,7]120
6[11,21,14,4,8]120
3[21,17,4,1,13]120
5[8,17,16,24,22]120
4[9,10,11,20,19]120
3[20,13,18,4,15]120
6[20,3,24,5,12]120
1[9,12,10,11,18]120
2[4,24,15,21,20]120
6[20,16,23,17,15]120
4[13,6,7,10,8]120
6[2,16,15,11,10]120
5[10,6,13,19,4]120
1[16,22,8,2,6]120
5[1,19,24,9,12]120
5[8,16,22,18,7]120
6[7,21,22,18,12]120
3[18,21,7,20,16]120
6[5,21,17,24,9]120
6[11,9,18,23,1]120
3[23,5,19,20,22]120
4[5,7,21,14,13]120
2[1,18,3,14,9]120
1[18,23,21,6,3]120
2[4,1,16,8,22]120
2[9,8,3,18,12]120
1[11,6,12,16,17]120
5[24,15,21,23,9]120
5[23,19,13,18,24]120
6[13,2,22,16,20]120
6[4,3,14,15,18]120
4[20,10,11,9,15]120
4[8,9,7,18,12]120
1[24,12,7,16,9]120
5[22,8,14,6,24]120
6[11,8,22,3,1]120
3[5,22,13,18,11]120
6[24,3,13,4,22]120
4[20,11,19,12,10]120
2[12,4,5,10,6]120
4[6,22,11,10,13]120
3[13,5,21,24,23]120
5[3,18,10,19,17]120
4[17,18,14,9,20]120
4[8,9,21,20,14]120
2[6,15,22,13,1]120
1[4,13,12,16,8]120
5[19,2,22,6,7]120
3[4,1,16,7,21]120
3[24,22,21,8,19]120
1[4,3,13,7,15]120
6[3,22,8,16,21]120
3[13,11,6,2,22]120
2[1,13,3,16,15]120
4[2,10,14,18,22]120
5[16,6,7,15,14]120
5[1,24,19,4,16]120
1[7,20,23,19,22]120
3[21,24,14,5,22]120
4[8,16,15,22,21]120
3[22,17,24,18,2]120
3[21,5,24,19,4]120
2[8,21,16,24,12]120
3[16,9,19,21,8]120
2[21,5,23,11,1]120
1[6,17,8,12,15]120
4[12,1,2,14,19]120
3[17,15,21,1,9]120
5[17,6,7,10,3]120
1[21,2,11,17,24]120
4[15,13,5,2,24]120
6[24,8,7,12,3]120
4[7,2,12,6,14]120
6[15,5,1,2,21]120
2[3,18,12,20,24]120
4[18,5,9,22,20]120
4[21,18,6,10,9]120
6[22,15,23,5,3]120
4[20,21,12,19,7]120
5[3,2,12,17,15]120
3[22,14,11,1,9]120
1[4,10,12,13,6]120
5[13,22,9,17,6]120
6[23,9,18,3,21]120
5[18,24,8,4,2]120
3[7,2,22,1,24]120
5[9,16,19,12,20]120
1[15,16,9,18,22]120
3[7,9,8,17,2]120
4[13,1,6,5,17]120
6[9,24,11,7,13]120
4[10,15,11,8,3]120
6[14,5,15,2,1]120
5[8,15,12,1,14]120
3[11,6,21,14,9]120
1[24,19,17,23,18]120
5[12,7,15,17,22]120
3[14,12,17,15,23]120
3[13,6,17,24,5]120
3[2,10,16,18,19]120
2[17,21,3,6,13]120
2[17,19,21,9,16]120
1[12,23,5,9,14]120
1[22,5,21,17,15]120
1[21,18,5,8,11]120
6[9,5,20,12,7]120
6[12,2,14,19,10]120
2[15,5,22,4,1]120
2[12,16,23,6,9]120
2[1,22,24,11,5]120
6[3,8,1,16,14]120
5[12,1,18,24,3]120
2[8,6,20,23,22]120
6[10,3,8,9,5]120
2[19,24,22,6,23]120
4[24,14,2,6,11]120
3[22,19,10,24,17]120
6[2,20,11,5,13]120
2[24,19,18,22,21]120
3[4,16,7,10,8]120
1[11,18,3,16,19]120
5[12,9,2,1,14]120
5[11,8,15,12,4]120
6[5,24,14,10,12]120
2[18,20,9,1,17]120
4[6,15,18,9,12]120
4[14,12,19,18,10]120
6[7,8,19,11,10]120
6[1,4,7,18,21]120
3[13,5,19,8,1]120
5[16,22,1,6,10]120
5[16,20,7,9,17]120
1[11,16,13,3,19]120
1[15,23,21,19,16]120
3[18,22,23,10,11]120
5[17,1,11,10,24]120
5[11,10,3,16,8]120
2[23,20,9,10,3]120
3[16,15,9,22,5]120
2[4,11,9,5,14]120
1[21,13,10,22,4]120
2[22,14,15,7,16]120
1[19,11,17,6,24]120
4[21,8,10,3,6]120
5[12,9,17,23,1]120
2[5,8,15,3,11]120
5[1,19,18,15,20]120
6[21,10,8,24,14]120
1[2,3,17,21,6]120
3[14,21,15,4,13]120
3[5,16,22,12,18]120
5[11,23,20,9,12]120
2[8,12,17,13,20]120
5[21,19,10,7,6]120
4[14,20,9,2,19]120
2[8,13,15,16,3]120
2[10,11,5,13,16]120
1[20,8,17,6,13]120
4[22,8,18,23,11]120
5[7,19,2,22,17]120
6[7,18,23,24,21]120
5[7,9,10,4,6]120
2[12,10,13,24,18]120
3[1,17,21,23,11]120
3[13,1,19,4,6]120
4[21,17,7,22,10]120
2[12,10,21,19,13]120
5[15,23,3,10,20]120
5[23,8,4,24,15]120
2[16,5,24,4,13]120
1[9,8,10,19,2]120
4[1,2,21,10,23]120
1[18,24,7,20,19]120
3[19,5,4,1,2]120
4[23,21,3,2,12]120
1[14,22,17,15,21]120
5[13,19,17,14,10]120
2[10,20,5,16,1]120
6[20,19,11,2,10]120
6[18,10,15,19,7]120
1[16,2,3,19,7]120
4[3,16,19,11,23]120
3[10,24,21,2,19]120
1[10,16,14,9,2]120
2[12,6,10,1,22]120
6[19,8,18,12,14]120
6[10,1,13,4,16]120
1[8,3,21,23,2]120
4[8,24,3,5,7]120
6[4,24,14,12,13]120
5[10,24,17,16,12]120
3[1,19,22,14,7]120
2[23,11,24,9,18]120
2[15,4,19,21,1]120
6[16,4,13,18,11]120
4[22,18,9,7,23]120
4[17,21,13,22,12]120
3[7,6,1,22,2]120
1[7,8,16,24,23]120
5[11,9,22,3,4]120
2[11,10,12,1,16]120
6[24,19,14,18,20]120
3[7,12,17,1,13]120
2[10,9,12,7,3]120
6[14,18,24,15,16]120
2[22,6,14,19,16]120
4[8,19,22,1,10]120
2[16,4,15,12,24]120
6[4,18,20,17,24]120
2[3,8,19,5,20]120
5[6,18,19,4,10]120
4[9,18,17,22,15]120
3[15,14,10,8,23]120
