4[8,6,2,12,13]80
3[7,4,2,10,14]80
5[6,7,2,14,9]80
5[12,1,3,4,7]80
1[4,13,12,11,2]80
2[13,6,12,8,7]80
2[4,11,12,3,7]80
5[6,9,12,2,7]80
6[4,14,11,7,2]80
6[7,1,10,2,11]80
2[10,9,4,3,8]80
1[3,4,7,2,14]80
5[10,13,11,6,1]80
2[12,4,13,3,7]80
4[3,2,14,9,11]80
4[11,5,3,14,13]80
3[5,7,14,11,4]80
4[1,3,14,12,5]80
4[10,1,2,14,11]80
5[1,10,4,3,11]80
4[1,9,6,13,10]80
6[1,8,9,3,10]80
1[12,8,14,7,4]80
1[7,3,13,8,2]80
5[2,7,12,6,13]80
2[9,7,1,6,14]80
3[10,13,14,8,12]80
2[7,1,6,8,4]80
1[6,4,3,14,8]80
5[2,8,11,4,12]80
4[2,5,11,13,1]80
1[8,12,13,9,2]80
6[12,2,13,11,14]80
5[4,14,12,3,2]80
5[2,10,13,12,8]80
1[5,8,12,11,7]80
4[14,7,6,5,10]80
1[3,11,5,12,7]80
4[5,9,3,10,13]80
3[10,6,12,9,13]80
2[11,8,1,12,10]80
3[7,4,1,12,5]80
1[9,6,3,7,13]80
2[4,14,10,11,1]80
2[3,12,6,10,9]80
5[11,3,7,13,1]80
5[4,14,2,3,8]80
2[3,10,1,11,14]80
1[4,9,2,7,5]80
6[8,7,3,4,13]80
6[1,13,8,7,11]80
4[7,3,8,14,1]80
3[4,5,6,10,13]80
2[1,12,6,4,10]80
6[13,4,1,7,3]80
6[5,12,14,13,4]80
1[7,2,11,9,13]80
1[6,5,13,9,3]80
6[12,7,9,13,11]80
1[8,11,7,5,12]80
4[7,13,5,9,14]80
1[5,8,13,11,2]80
6[12,3,5,13,8]80
6[11,4,14,9,5]80
6[14,9,2,3,1]80
2[5,14,3,12,4]80
2[12,1,13,14,11]80
5[12,2,11,10,1]80
4[3,8,2,9,11]80
2[9,6,4,11,12]80
3[8,9,1,10,2]80
6[14,12,7,2,9]80
4[3,5,6,13,11]80
3[10,6,2,11,12]80
1[6,4,14,10,8]80
1[10,6,12,4,7]80
3[10,7,13,8,9]80
4[8,12,3,9,14]80
5[9,8,13,7,1]80
4[6,1,10,3,12]80
5[4,2,10,6,14]80
1[8,7,12,14,6]80
1[7,3,4,11,14]80
2[1,3,7,14,6]80
4[5,9,12,11,2]80
2[12,1,8,6,10]80
3[5,9,10,14,11]80
2[11,10,5,3,1]80
2[9,7,8,3,6]80
2[11,7,1,9,4]80
6[1,9,4,13,5]80
2[3,10,5,6,11]80
1[8,14,2,6,12]80
2[5,11,12,8,14]80
2[12,10,11,6,1]80
4[8,2,12,9,5]80
3[2,14,1,4,9]80
6[4,10,1,5,8]80
3[11,13,7,1,10]80
6[14,7,2,3,10]80
3[5,13,7,9,11]80
1[3,6,10,2,8]80
6[14,4,8,3,2]80
2[14,4,7,8,5]80
4[5,1,12,3,11]80
2[10,3,9,13,11]80
1[13,3,5,14,11]80
3[6,7,11,13,2]80
2[7,4,12,11,10]80
5[4,1,9,7,6]80
1[9,5,13,4,2]80
5[12,4,9,6,13]80
1[7,12,4,13,10]80
6[13,1,10,14,12]80
3[14,4,12,1,10]80
2[9,12,6,10,14]80
5[14,10,11,6,7]80
5[12,9,10,8,7]80
3[7,12,8,4,10]80
1[5,13,6,10,2]80
4[1,14,3,10,9]80
2[9,4,12,3,8]80
1[11,6,5,3,13]80
6[4,12,8,9,14]80
6[2,8,5,11,9]80
4[5,3,8,9,1]80
5[2,6,8,13,3]80
4[6,9,3,5,8]80
3[10,14,12,8,2]80
5[2,3,7,10,12]80
3[9,2,1,11,7]80
4[2,11,1,9,13]80
5[10,11,7,6,13]80
4[1,3,11,13,14]80
2[10,7,8,3,1]80
2[13,8,9,10,7]80
2[1,6,5,3,13]80
1[3,9,8,10,6]80
2[13,3,5,1,11]80
1[8,6,3,14,9]80
3[6,12,14,5,10]80
6[3,9,1,14,7]80
5[1,7,6,11,3]80
5[3,2,7,1,9]80
3[9,4,14,10,5]80
6[7,13,3,11,12]80
3[13,6,4,12,1]80
2[14,11,12,13,3]80
5[3,14,8,13,2]80
5[4,11,13,12,6]80
3[13,8,6,4,12]80
3[9,5,8,2,7]80
6[5,10,3,12,8]80
3[14,4,2,9,11]80
5[2,10,8,4,9]80
3[6,13,10,12,7]80
4[11,1,14,10,8]80
6[3,10,5,12,11]80
3[13,5,4,1,6]80
2[9,4,3,11,5]80
6[3,12,7,14,8]80
4[2,10,1,12,9]80
6[7,2,3,12,4]80
3[8,13,6,12,4]80
3[9,11,10,1,7]80
3[11,8,9,2,4]80
1[6,12,8,4,13]80
5[8,7,4,14,2]80
5[3,6,1,11,9]80
5[11,2,6,1,13]80
6[5,4,7,1,9]80
3[1,14,5,13,11]80
2[5,8,13,4,9]80
2[11,5,4,6,8]80
5[4,6,2,1,14]80
2[14,5,10,8,13]80
6[11,12,7,10,3]80
5[4,1,11,6,3]80
6[3,14,2,10,7]80
4[10,7,2,14,11]80
5[14,13,10,11,7]80
2[7,12,13,3,1]80
2[14,1,9,6,10]80
3[10,1,5,4,13]80
5[14,1,10,12,11]80
4[8,7,3,9,2]80
5[3,10,4,12,11]80
5[12,9,10,14,7]80
3[12,1,4,7,13]80
6[11,1,7,13,12]80
1[7,6,11,9,12]80
6[4,2,5,3,10]80
1[4,2,5,10,7]80
6[3,7,4,13,10]80
6[4,14,5,1,12]80
4[2,14,7,12,8]80
6[3,7,4,2,10]80
5[14,3,10,11,8]80
5[8,3,4,7,2]80
3[4,10,14,5,12]80
4[11,7,9,8,10]80
4[7,1,5,8,6]80
1[3,9,10,11,12]80
6[1,3,12,9,7]80
5[3,4,8,6,14]80
6[5,4,11,12,14]80
4[9,10,6,3,2]80
5[6,7,3,12,9]80
4[11,10,12,2,1]80
2[5,7,6,4,13]80
4[13,14,2,6,9]80
3[4,11,7,8,10]80
1[13,10,2,8,3]80
3[9,12,8,13,2]80
6[4,1,10,5,3]80
4[12,10,2,7,8]80
3[11,13,1,8,14]80
4[14,5,1,13,3]80
4[9,1,5,12,11]80
6[9,10,1,11,13]80
3[14,12,6,13,5]80
2[11,1,6,12,5]80
5[7,14,13,6,10]80
2[10,11,7,13,8]80
1[7,3,12,9,2]80
5[9,1,12,14,4]80
4[2,5,12,3,10]80
2[13,1,14,7,8]80
2[9,8,6,7,5]80
4[12,13,10,6,14]80
3[2,1,6,9,11]80
5[7,2,10,6,14]80
1[10,6,7,2,14]80
3[9,8,11,6,2]80
1[13,8,11,5,2]80
4[14,5,12,1,3]80
1[5,2,14,7,12]80
2[9,13,12,1,11]80
1[14,6,2,5,4]80
5[11,12,8,9,10]80
3[6,2,10,13,1]80
6[8,11,1,12,5]80
1[5,7,14,2,3]80
2[3,5,4,13,10]80
1[14,13,10,11,4]80
3[4,7,1,6,14]80
5[4,7,9,2,1]80
2[13,5,10,7,3]80
4[3,12,2,11,10]80
3[2,8,12,13,7]80
