4[22,16,6,10,20]40
3[8,7,2,6,14]40
1[5,19,12,8,22]40
6[4,9,18,24,15]40
3[7,19,20,24,1]40
5[12,1,13,8,24]40
5[1,6,7,21,23]40
3[6,19,20,11,18]40
5[10,15,21,18,7]40
6[2,8,23,4,16]40
4[22,19,6,21,20]40
3[12,14,6,24,23]40
6[12,3,4,23,7]40
3[19,14,7,20,23]40
5[22,8,21,16,2]40
5[13,12,23,6,10]40
5[8,13,18,21,19]40
3[15,11,23,7,22]40
4[15,24,20,17,8]40
3[8,23,19,16,9]40
4[17,7,9,20,15]40
4[3,11,24,19,9]40
3[4,1,13,17,11]40
6[10,1,23,20,17]40
1[5,17,20,12,3]40
4[10,3,16,5,8]40
1[12,13,8,19,3]40
6[7,5,13,18,4]40
4[13,9,15,20,17]40
2[8,18,24,10,4]40
3[16,8,23,11,13]40
2[12,20,14,21,13]40
3[14,7,11,21,4]40
5[10,19,20,7,4]40
2[1,5,3,9,21]40
2[23,22,7,15,10]40
2[14,15,8,20,7]40
1[16,9,2,4,24]40
2[16,21,5,15,9]40
3[19,2,4,9,20]40
2[15,4,8,12,17]40
6[22,8,21,11,17]40
2[4,19,18,21,3]40
6[17,14,11,24,5]40
5[17,14,4,8,24]40
1[23,15,17,22,3]40
5[7,17,23,22,12]40
2[13,16,11,4,18]40
4[24,13,19,5,18]40
2[15,12,10,5,24]40
1[7,8,19,21,10]40
1[24,18,20,21,10]40
1[21,7,19,6,3]40
5[16,20,24,14,15]40
3[19,18,20,13,16]40
3[11,21,6,1,5]40
2[21,11,8,7,23]40
1[17,24,8,21,4]40
4[20,16,18,1,9]40
2[6,15,1,16,14]40
4[21,5,7,20,1]40
5[23,24,14,17,12]40
3[5,11,8,22,20]40
2[19,7,11,8,3]40
4[9,15,5,17,1]40
1[5,22,2,16,24]40
2[13,10,19,8,22]40
4[6,24,21,17,20]40
5[24,12,22,21,23]40
5[10,24,14,23,3]40
6[22,15,24,12,18]40
5[2,20,23,18,21]40
4[20,12,23,7,6]40
5[18,15,14,6,19]40
3[24,11,14,22,5]40
3[8,7,15,18,14]40
6[14,11,19,24,22]40
4[3,14,8,5,24]40
5[22,16,7,4,15]40
4[10,15,9,8,14]40
6[15,21,10,7,23]40
4[2,11,14,20,13]40
4[8,10,9,15,16]40
4[14,22,12,7,2]40
1[7,11,23,3,8]40
5[9,4,21,23,3]40
5[16,11,17,18,23]40
4[13,3,7,2,1]40
4[16,15,14,20,2]40
4[3,24,5,17,1]40
5[24,23,21,3,16]40
1[9,8,17,24,15]40
3[8,7,4,16,23]40
4[9,14,6,5,3]40
3[19,1,21,12,9]40
5[14,16,21,4,11]40
1[4,19,15,2,21]40
5[15,16,17,21,13]40
1[15,8,13,6,7]40
4[22,5,13,14,20]40
3[2,23,5,1,19]40
4[7,17,23,9,11]40
5[23,3,24,15,6]40
5[20,23,9,8,17]40
3[23,6,2,21,11]40
1[22,13,23,10,5]40
5[7,16,17,4,13]40
1[16,22,5,19,20]40
1[17,22,9,6,2]40
4[19,23,3,7,24]40
6[5,2,4,16,21]40
3[6,17,20,14,15]40
1[9,5,2,23,16]40
6[12,17,11,1,19]40
5[15,13,9,16,2]40
6[3,24,23,22,10]40
1[5,17,23,21,8]40
5[16,3,14,13,4]40
2[14,7,13,10,5]40
4[13,7,2,20,11]40
5[15,6,8,22,7]40
5[22,14,9,3,12]40
1[7,17,24,19,18]40
4[7,11,6,22,14]40
2[14,16,7,4,8]40
3[17,21,20,15,22]40
1[6,21,7,2,15]40
5[2,22,18,23,6]40
6[10,23,8,14,19]40
2[1,20,9,23,11]40
6[8,15,13,12,1]40
6[7,16,15,3,10]40
2[9,7,6,19,13]40
1[15,24,19,17,21]40
6[4,16,14,8,9]40
3[10,20,1,11,5]40
6[22,10,8,1,9]40
2[21,20,14,8,17]40
5[18,10,7,21,4]40
2[21,9,4,15,20]40
2[9,21,1,7,24]40
6[8,10,24,14,9]40
5[3,23,6,10,4]40
6[16,5,10,2,7]40
5[8,10,11,3,18]40
3[8,22,23,9,13]40
4[23,7,19,20,21]40
3[6,23,1,14,18]40
4[1,5,8,13,22]40
4[10,1,13,24,16]40
4[3,8,13,7,18]40
5[8,20,23,9,11]40
1[11,4,9,10,19]40
1[23,9,5,3,19]40
6[4,16,21,10,3]40
6[21,19,17,24,11]40
3[20,5,10,1,18]40
2[16,19,23,20,6]40
2[10,7,6,12,8]40
4[24,1,13,19,5]40
2[6,19,3,21,13]40
1[16,11,21,12,2]40
2[23,3,24,4,20]40
4[24,1,22,7,14]40
3[24,7,18,14,5]40
2[4,16,10,12,13]40
3[13,23,14,8,10]40
3[10,8,17,7,11]40
6[21,17,8,10,20]40
3[8,1,11,4,23]40
3[2,15,10,1,4]40
4[15,22,18,6,24]40
3[19,24,14,15,2]40
5[20,23,4,22,24]40
4[9,24,22,19,10]40
4[14,1,15,17,3]40
1[10,2,18,22,13]40
3[23,24,21,12,16]40
5[14,9,15,4,10]40
6[22,10,8,11,16]40
6[12,18,11,4,3]40
4[12,2,22,3,9]40
6[12,17,21,5,20]40
3[24,6,13,10,23]40
5[22,23,4,24,9]40
5[18,4,20,8,6]40
4[1,15,23,5,18]40
3[9,1,18,20,16]40
3[20,24,23,19,21]40
3[24,21,2,11,13]40
2[6,24,12,21,8]40
3[6,21,17,22,14]40
2[6,11,24,21,10]40
4[20,19,21,7,8]40
5[15,1,20,11,9]40
6[10,13,18,24,11]40
5[22,11,23,9,21]40
5[20,14,13,4,21]40
2[12,16,5,22,4]40
4[14,7,15,17,16]40
3[5,2,13,14,15]40
1[13,21,9,23,5]40
5[6,9,19,15,3]40
2[9,13,10,11,12]40
4[8,20,3,19,10]40
3[17,5,7,11,19]40
1[3,9,15,13,23]40
2[1,11,9,14,19]40
2[8,5,3,21,1]40
4[22,17,5,3,23]40
4[23,8,15,9,3]40
4[10,21,1,8,18]40
1[21,22,20,14,17]40
1[7,6,22,21,19]40
6[7,11,23,24,3]40
1[13,16,12,11,24]40
3[1,12,9,15,20]40
3[20,14,9,18,17]40
4[2,24,19,12,20]40
1[7,23,13,2,9]40
4[16,18,17,8,19]40
6[18,1,3,19,15]40
6[2,21,11,18,15]40
5[23,11,9,20,15]40
4[5,1,8,15,17]40
6[5,1,7,4,9]40
6[14,16,21,8,3]40
4[2,18,3,7,10]40
1[14,15,17,4,7]40
3[9,6,17,20,8]40
5[18,3,10,1,14]40
6[8,5,4,10,21]40
1[16,7,22,4,6]40
6[7,8,12,21,18]40
3[1,20,19,12,7]40
5[3,11,10,23,17]40
5[22,10,18,16,12]40
4[17,19,5,2,9]40
5[10,17,18,23,20]40
6[12,18,21,23,20]40
6[24,19,5,17,13]40
2[8,10,21,20,7]40
6[15,8,10,17,9]40
1[19,22,13,10,7]40
6[7,20,3,9,11]40
4[17,12,9,2,22]40
4[17,18,1,13,5]40
6[16,9,12,1,18]40
3[23,19,24,7,17]40
5[12,2,13,21,16]40
4[23,12,21,14,1]40
1[13,4,3,19,14]40
6[20,24,5,8,4]40
2[19,8,14,12,21]40
4[7,2,9,15,14]40
4[22,16,1,15,12]40
4[20,6,18,3,14]40
3[9,21,4,13,10]40
5[20,16,17,6,13]40
6[10,8,16,7,13]40
4[5,1,8,3,21]40
4[9,13,22,16,24]40
4[9,23,18,24,20]40
4[21,7,1,19,5]40
5[6,4,10,24,3]40
1[23,24,19,5,18]40
1[4,6,10,7,15]40
5[23,24,3,22,7]40
1[5,7,21,19,12]40
3[6,16,17,2,4]40
3[11,16,14,23,2]40
4[1,17,11,5,20]40
6[5,23,1,20,3]40
2[7,18,10,21,17]40
1[10,13,16,4,8]40
6[15,11,13,5,23]40
6[16,18,5,8,20]40
4[8,21,12,24,10]40
3[14,4,21,19,15]40
4[9,13,19,6,15]40
1[11,19,24,14,8]40
2[20,14,12,6,16]40
1[21,3,6,20,17]40
3[1,24,11,14,6]40
6[10,17,14,1,7]40
1[9,24,18,7,17]40
4[24,15,6,22,10]40
6[15,12,11,19,13]40
3[11,6,1,14,21]40
3[14,21,22,7,13]40
4[1,13,8,3,5]40
5[8,13,7,1,17]40
3[16,5,18,6,1]40
3[4,6,14,24,11]40
1[16,11,10,21,12]40
3[9,1,8,23,21]40
6[11,16,21,4,15]40
3[15,1,14,24,19]40
5[3,19,18,1,9]40
6[23,14,18,21,7]40
