4[2,6,14,12,13]80
3[13,12,8,5,10]80
3[8,7,14,10,5]80
4[6,5,2,7,11]80
1[13,9,6,11,12]80
2[6,13,11,14,3]80
4[1,13,11,2,9]80
6[8,5,10,4,3]80
3[10,13,1,2,4]80
1[8,11,5,6,4]80
2[12,8,10,13,3]80
5[6,2,4,11,13]80
3[12,9,5,11,8]80
4[8,13,7,3,10]80
2[5,11,1,7,8]80
2[10,1,14,3,7]80
3[4,7,11,13,14]80
1[6,14,4,12,11]80
6[1,2,9,8,14]80
4[9,2,7,3,13]80
4[7,5,2,13,11]80
2[5,11,6,4,10]80
6[8,5,13,14,7]80
1[11,9,6,3,14]80
1[4,10,3,5,12]80
6[11,5,4,14,9]80
2[7,5,9,14,10]80
2[13,14,3,4,5]80
1[11,13,2,3,4]80
1[11,3,6,5,14]80
2[12,13,8,9,3]80
3[4,9,7,14,8]80
1[13,5,3,12,6]80
3[2,11,12,5,9]80
4[2,8,9,11,13]80
4[2,3,6,8,5]80
4[11,6,3,13,7]80
4[10,9,3,13,11]80
6[14,11,12,5,4]80
3[9,5,12,7,4]80
1[11,14,8,5,6]80
5[9,10,6,12,1]80
2[7,9,1,12,3]80
3[14,9,13,1,2]80
6[5,4,13,12,8]80
4[12,8,2,13,5]80
6[10,12,11,13,4]80
3[6,1,10,13,7]80
4[7,3,2,9,13]80
6[2,10,1,7,5]80
1[6,3,8,5,2]80
5[7,14,8,11,9]80
5[4,10,8,1,7]80
2[12,5,4,10,9]80
6[8,4,7,1,14]80
1[8,9,6,12,4]80
1[5,14,10,7,2]80
3[13,7,10,4,6]80
1[6,11,13,9,8]80
1[9,3,8,5,11]80
5[10,13,6,4,9]80
6[5,14,8,13,9]80
4[3,11,7,2,5]80
5[7,3,6,10,11]80
2[8,3,4,9,11]80
1[7,9,10,6,2]80
6[4,5,7,13,14]80
6[1,5,10,4,9]80
1[8,14,10,12,6]80
3[10,1,4,2,13]80
2[4,12,7,13,1]80
2[10,7,3,13,11]80
4[8,9,1,11,5]80
1[11,12,5,13,14]80
2[14,6,3,9,5]80
4[10,11,8,2,14]80
3[1,8,13,12,11]80
1[8,3,6,2,11]80
4[12,9,6,2,14]80
6[12,5,10,3,2]80
2[11,8,3,5,9]80
4[3,6,14,8,13]80
5[9,10,8,14,2]80
6[14,10,2,8,3]80
1[9,11,8,13,14]80
6[3,2,11,10,1]80
3[10,6,2,7,12]80
6[10,9,5,13,4]80
4[13,10,14,6,1]80
3[11,12,2,7,1]80
2[5,14,7,4,8]80
4[3,13,7,6,8]80
2[11,13,1,7,12]80
2[7,6,14,9,4]80
5[2,10,14,11,13]80
2[12,8,3,1,5]80
1[8,14,10,13,9]80
1[12,13,7,3,10]80
1[13,12,11,14,8]80
5[2,1,14,10,7]80
1[13,12,14,11,9]80
5[8,6,14,7,1]80
2[14,13,7,4,6]80
6[1,4,12,8,5]80
1[8,9,7,14,12]80
5[9,4,14,2,1]80
2[7,10,13,8,4]80
4[5,2,12,9,8]80
3[2,11,8,4,1]80
1[12,14,9,7,5]80
4[11,9,2,1,10]80
5[9,4,11,3,7]80
2[5,14,3,12,6]80
5[9,7,2,1,14]80
6[2,4,9,7,14]80
5[12,7,6,4,2]80
5[9,13,14,4,8]80
6[12,4,8,10,2]80
2[12,4,11,13,3]80
5[7,1,8,9,12]80
2[6,10,1,8,14]80
6[7,11,4,12,2]80
1[14,12,8,7,10]80
3[12,4,8,10,6]80
6[8,1,4,3,7]80
3[7,1,13,8,9]80
5[2,10,4,11,7]80
2[4,7,8,14,1]80
3[13,5,4,7,8]80
1[9,8,4,13,14]80
4[13,12,5,6,14]80
5[2,11,4,9,1]80
2[3,14,7,8,11]80
4[14,12,2,7,1]80
3[2,5,6,7,1]80
2[6,13,9,5,8]80
5[7,4,11,14,10]80
6[11,5,10,12,8]80
2[3,1,13,10,11]80
2[8,7,14,3,1]80
5[3,1,12,14,13]80
3[14,7,5,6,4]80
6[2,7,11,9,10]80
6[14,7,11,5,9]80
2[3,9,7,8,14]80
1[3,14,7,11,10]80
6[4,5,1,8,9]80
6[8,12,3,9,5]80
5[4,9,13,14,3]80
4[12,5,1,8,9]80
1[2,4,7,8,13]80
3[6,1,13,8,10]80
6[3,5,4,1,12]80
5[14,3,6,4,12]80
1[6,14,12,10,2]80
5[4,13,11,9,3]80
1[11,4,8,12,13]80
1[4,10,14,8,11]80
5[2,8,13,1,11]80
5[10,8,12,11,2]80
5[4,7,9,2,6]80
6[8,13,5,2,7]80
4[9,5,8,13,3]80
5[11,14,13,12,2]80
6[5,13,3,4,2]80
5[11,12,13,3,4]80
2[11,12,7,10,5]80
6[11,13,7,4,1]80
4[8,12,13,1,5]80
1[8,6,5,4,10]80
6[5,12,3,10,7]80
3[6,11,1,5,10]80
4[3,9,1,12,8]80
2[6,13,9,4,12]80
3[10,4,2,7,5]80
6[12,14,9,3,10]80
2[6,13,5,9,11]80
5[2,7,12,3,6]80
2[13,3,9,12,4]80
2[4,7,12,8,11]80
1[14,5,3,4,9]80
6[2,5,4,1,3]80
4[1,9,8,2,14]80
5[3,1,13,11,8]80
5[3,6,9,12,11]80
1[14,2,10,13,11]80
2[14,3,4,11,10]80
5[3,8,2,11,7]80
4[6,10,2,1,14]80
3[11,4,9,1,7]80
6[11,1,8,4,9]80
2[12,6,13,7,8]80
2[5,13,12,10,4]80
6[4,7,14,12,2]80
1[9,12,6,3,4]80
3[5,13,1,4,7]80
1[2,8,12,11,3]80
3[13,4,9,7,6]80
6[1,14,12,7,5]80
4[11,7,8,13,6]80
6[9,12,10,11,14]80
5[10,14,1,12,3]80
3[6,7,5,8,14]80
5[14,13,8,6,9]80
3[5,2,7,13,10]80
6[8,14,5,3,2]80
4[6,13,8,3,7]80
1[8,2,5,11,7]80
1[3,9,2,7,10]80
6[13,5,1,11,3]80
2[9,1,4,11,5]80
6[5,9,14,2,10]80
4[2,3,1,10,14]80
2[6,9,7,4,5]80
4[9,6,5,13,12]80
1[10,9,11,7,5]80
3[14,4,6,13,2]80
6[3,8,5,13,2]80
3[4,8,9,11,1]80
4[14,5,9,12,2]80
6[3,1,9,12,10]80
6[2,1,7,5,14]80
6[11,10,14,2,4]80
2[7,1,4,3,6]80
5[12,3,2,14,7]80
2[14,4,3,13,6]80
2[11,12,13,10,4]80
1[3,2,5,13,12]80
4[12,8,3,14,5]80
6[9,10,11,8,7]80
6[3,8,14,13,5]80
3[4,11,10,8,5]80
2[14,12,5,11,1]80
3[4,9,12,13,7]80
5[13,6,4,8,14]80
6[1,11,5,9,12]80
4[1,12,13,5,8]80
4[6,9,7,8,5]80
1[4,13,11,6,12]80
5[9,6,2,3,4]80
2[14,3,4,11,8]80
4[5,10,3,11,6]80
3[13,10,1,11,4]80
6[11,5,13,12,3]80
5[9,6,4,7,1]80
2[8,1,9,10,6]80
2[9,5,7,11,3]80
1[6,7,5,9,14]80
2[6,3,11,5,4]80
3[6,12,13,7,8]80
3[14,7,11,6,12]80
5[1,7,11,10,13]80
1[11,5,2,14,7]80
4[7,12,9,3,14]80
1[5,3,2,10,11]80
5[13,10,2,7,12]80
1[9,14,10,11,2]80
5[9,10,2,7,13]80
3[11,4,14,8,2]80
3[7,8,6,1,9]80
6[1,11,13,5,7]80
5[9,10,11,13,1]80
5[9,2,3,13,6]80
4[10,2,12,11,3]80
1[6,11,8,14,3]80
6[1,11,10,7,12]80
3[8,12,11,1,9]80
6[1,12,10,2,9]80
1[8,13,9,7,14]80
1[14,11,8,3,9]80
2[13,1,11,3,8]80
1[11,9,7,5,2]80
2[9,6,12,7,8]80
3[5,4,6,11,1]80
6[14,8,3,4,2]80
2[5,7,6,3,1]80
2[11,3,5,4,12]80
3[6,13,12,5,10]80
5[14,4,13,3,12]80
6[4,13,7,8,5]80
3[10,4,1,5,12]80
2[14,11,6,4,12]80
2[11,9,5,4,3]80
3[12,2,10,8,4]80
6[8,10,4,7,3]80
3[8,7,1,2,10]80
1[2,7,5,13,14]80
5[12,9,11,6,14]80
5[12,11,3,14,6]80
1[5,14,3,11,9]80
4[13,6,5,1,7]80
1[11,7,2,13,9]80
5[8,4,14,12,10]80
6[3,13,10,11,14]80
2[7,13,5,6,9]80
3[5,13,14,4,10]80
5[3,10,7,4,9]80
1[5,12,13,6,11]80
1[4,7,12,6,13]80
6[9,3,10,8,1]80
