6[15,11,12,24,13]120
3[7,24,19,4,15]120
6[12,19,17,9,1]120
1[16,12,19,14,22]120
1[24,2,17,4,7]120
1[5,13,22,3,14]120
6[14,17,19,12,24]120
2[14,9,15,3,22]120
6[17,9,18,1,5]120
3[20,14,6,24,16]120
4[19,2,10,6,21]120
3[8,6,21,17,7]120
5[23,24,14,7,13]120
5[1,16,7,10,13]120
5[10,17,22,20,11]120
1[22,2,24,10,21]120
1[20,5,9,12,6]120
4[13,21,11,17,10]120
3[4,10,12,18,9]120
4[12,14,18,2,7]120
3[9,7,14,13,18]120
3[8,4,14,22,7]120
5[23,15,7,12,6]120
1[10,13,16,17,12]120
3[12,14,9,18,21]120
2[14,18,11,6,8]120
3[9,12,17,5,20]120
4[1,22,10,5,7]120
4[12,6,20,22,19]120
5[7,16,18,14,9]120
5[19,2,17,16,3]120
5[23,4,8,2,13]120
2[17,24,10,15,19]120
4[6,17,19,10,24]120
6[18,10,16,15,5]120
6[4,2,15,8,12]120
5[9,3,6,24,19]120
3[2,20,7,22,23]120
6[11,22,12,2,14]120
5[1,3,14,16,7]120
2[13,16,24,12,4]120
2[17,9,11,13,23]120
5[18,23,17,1,19]120
5[17,8,10,19,6]120
1[19,16,20,12,10]120
2[9,15,17,1,22]120
4[23,21,2,9,15]120
2[12,23,3,18,14]120
5[16,22,11,9,12]120
5[18,24,13,10,9]120
1[7,18,24,9,22]120
3[20,17,5,23,15]120
6[11,5,23,3,16]120
2[9,3,22,24,8]120
1[12,13,2,23,10]120
3[14,20,10,2,8]120
4[19,2,12,9,6]120
3[13,20,21,1,24]120
4[24,20,22,11,8]120
1[17,3,7,6,21]120
1[14,7,4,9,11]120
5[24,19,15,23,17]120
5[11,6,12,16,8]120
1[11,24,12,16,10]120
1[16,12,23,4,19]120
6[7,15,2,16,10]120
2[22,15,9,14,24]120
4[15,17,22,2,20]120
5[3,6,9,11,8]120
2[20,12,19,3,4]120
4[23,17,19,3,20]120
4[17,20,22,6,9]120
3[14,1,7,18,16]120
4[24,19,6,9,15]120
1[11,16,13,9,7]120
6[7,1,8,4,16]120
5[13,17,10,18,8]120
3[13,1,8,23,14]120
6[22,9,14,2,17]120
5[23,18,1,8,13]120
4[8,3,22,7,10]120
5[12,19,22,23,17]120
3[14,16,15,2,19]120
5[1,23,12,4,6]120
2[4,8,11,13,14]120
1[16,4,14,24,22]120
5[17,8,14,20,6]120
1[13,19,6,9,3]120
5[10,24,16,15,18]120
5[11,8,21,10,16]120
5[17,16,6,15,23]120
6[13,11,19,15,5]120
1[10,23,22,8,21]120
1[21,13,9,19,24]120
1[7,16,4,6,5]120
3[2,12,24,18,1]120
1[8,24,13,12,2]120
2[23,20,22,9,4]120
6[19,20,14,3,2]120
6[5,11,22,12,4]120
1[2,11,21,19,9]120
4[24,7,3,15,9]120
3[15,7,18,11,9]120
1[3,19,13,11,21]120
2[12,20,10,8,24]120
6[20,24,2,4,16]120
2[19,22,4,6,21]120
3[24,2,15,12,9]120
4[9,2,8,18,13]120
5[24,13,10,11,20]120
6[14,15,3,13,9]120
2[16,20,11,24,22]120
5[13,3,7,10,1]120
5[6,15,23,4,14]120
5[15,22,9,7,10]120
6[1,12,8,22,4]120
5[24,11,3,23,10]120
3[10,2,22,20,8]120
6[8,2,14,23,15]120
2[22,11,24,20,4]120
2[1,21,13,10,8]120
6[4,7,12,14,18]120
1[10,8,14,6,4]120
4[13,5,16,9,14]120
3[19,9,20,11,2]120
4[23,17,16,3,24]120
1[2,19,22,3,11]120
1[3,23,14,24,11]120
2[1,14,11,18,8]120
3[11,8,19,4,22]120
6[14,18,22,4,12]120
2[3,20,5,11,14]120
5[7,17,21,6,14]120
3[16,12,23,11,20]120
2[16,22,9,15,13]120
4[18,10,14,5,2]120
1[2,7,4,17,18]120
2[5,19,7,23,18]120
3[23,10,20,11,13]120
6[2,12,19,1,17]120
2[20,21,11,17,23]120
6[4,21,13,16,15]120
3[12,11,19,20,2]120
3[22,18,6,11,20]120
3[12,13,9,14,21]120
5[19,7,24,18,9]120
1[9,15,17,20,6]120
2[7,13,9,5,3]120
4[17,13,12,15,21]120
2[11,21,9,15,12]120
6[5,14,11,15,23]120
6[19,18,5,15,2]120
5[11,19,12,6,17]120
4[15,8,1,14,19]120
6[21,2,22,23,20]120
3[13,15,9,21,11]120
4[9,2,22,16,1]120
1[24,14,2,16,5]120
5[3,10,16,20,2]120
6[15,10,9,12,24]120
1[17,16,5,6,20]120
5[13,6,9,7,10]120
4[7,16,1,13,2]120
2[4,6,9,14,22]120
4[8,2,3,20,15]120
6[14,4,23,18,13]120
5[20,19,13,1,8]120
2[21,11,5,18,8]120
2[5,13,14,6,12]120
2[21,16,4,8,11]120
1[6,14,21,23,12]120
1[13,7,2,5,11]120
2[6,23,18,20,22]120
4[21,2,12,1,13]120
6[5,24,21,3,8]120
2[17,24,21,14,7]120
2[21,3,10,17,20]120
3[22,9,5,11,13]120
2[18,23,14,16,17]120
4[16,7,11,8,18]120
2[23,13,10,7,20]120
2[8,21,14,22,19]120
1[15,7,17,24,11]120
4[6,7,15,24,17]120
6[13,12,14,22,4]120
4[2,14,18,13,19]120
3[11,7,13,18,6]120
6[16,17,7,23,21]120
4[6,5,13,14,21]120
1[13,14,19,17,20]120
3[23,8,15,22,7]120
2[10,18,3,21,20]120
4[22,12,10,14,6]120
3[8,12,5,22,7]120
2[11,20,3,7,23]120
6[12,13,16,4,15]120
1[8,16,14,2,13]120
4[24,8,16,22,17]120
5[23,11,19,13,21]120
3[9,23,4,19,10]120
2[8,10,18,15,24]120
4[23,13,15,14,22]120
4[9,8,23,10,20]120
1[6,13,11,20,4]120
1[17,20,7,5,3]120
4[13,12,10,24,20]120
6[24,14,4,19,16]120
2[15,9,13,11,1]120
5[21,9,14,19,6]120
6[14,16,12,13,11]120
1[19,4,6,22,8]120
3[7,5,20,18,15]120
5[7,8,10,13,22]120
5[15,9,1,11,6]120
6[7,13,23,3,1]120
1[15,7,6,8,3]120
5[11,24,9,12,10]120
1[18,12,17,23,10]120
6[20,21,17,15,9]120
5[15,20,7,4,19]120
6[19,8,15,20,22]120
4[15,6,20,9,14]120
3[9,22,20,18,12]120
4[7,9,24,19,21]120
5[14,15,16,20,11]120
1[10,3,9,23,5]120
3[12,6,2,4,19]120
2[17,13,4,24,1]120
1[2,11,13,8,5]120
1[10,23,4,13,9]120
4[23,19,15,17,20]120
3[11,15,24,16,14]120
4[17,15,3,8,24]120
2[13,1,21,16,17]120
6[16,4,11,24,17]120
6[11,21,17,10,20]120
5[4,12,21,20,2]120
1[14,18,13,3,6]120
6[12,5,19,1,8]120
3[23,22,2,6,5]120
6[2,17,5,4,12]120
4[3,1,11,21,13]120
1[17,20,6,4,18]120
5[11,8,9,19,22]120
5[2,7,6,13,11]120
6[10,21,16,5,22]120
1[24,18,3,17,10]120
3[7,13,11,14,10]120
1[19,24,14,21,18]120
3[21,8,19,16,20]120
3[2,6,11,23,16]120
6[12,15,23,24,16]120
2[3,12,11,6,14]120
1[2,4,19,23,13]120
4[14,13,16,7,24]120
3[24,16,17,18,14]120
2[1,24,4,12,3]120
5[12,16,23,22,11]120
1[5,24,15,13,7]120
2[21,7,17,10,22]120
2[24,9,12,11,17]120
5[10,24,17,11,14]120
6[14,9,15,8,7]120
5[9,20,14,7,23]120
4[13,24,3,11,22]120
4[22,23,17,15,1]120
6[24,18,23,11,10]120
1[18,7,10,15,12]120
6[14,20,13,12,22]120
3[13,23,10,9,2]120
4[13,21,12,15,7]120
4[18,6,12,2,19]120
1[21,14,22,4,24]120
2[19,23,3,5,10]120
5[3,2,24,17,9]120
2[12,16,22,23,6]120
1[16,18,7,3,11]120
6[24,14,1,12,11]120
2[18,8,21,24,16]120
2[8,5,3,22,21]120
4[7,1,2,23,18]120
6[23,1,4,24,2]120
5[8,2,9,18,16]120
3[17,8,22,18,9]120
6[21,22,18,24,7]120
5[21,9,3,13,24]120
1[12,10,5,18,24]120
3[12,2,4,16,14]120
3[4,6,8,12,1]120
4[20,15,21,16,10]120
5[9,13,24,12,18]120
1[22,12,18,23,19]120
6[24,15,8,5,9]120
1[2,24,22,21,17]120
2[9,19,24,20,12]120
6[22,21,14,15,19]120
4[15,8,24,16,18]120
5[7,20,8,17,11]120
3[13,20,24,1,2]120
5[19,23,8,9,15]120
