4[1,2,9,3,11]80
3[11,9,5,4,1]80
3[8,7,1,11,2]80
4[7,5,1,8,11]80
1[11,3,7,9,8]80
2[3,10,7,8,9]80
4[2,3,5,8,7]80
6[10,5,11,7,9]80
3[4,7,2,9,1]80
1[11,7,10,4,9]80
2[1,6,7,3,10]80
5[3,7,9,4,2]80
3[9,6,10,1,5]80
4[5,10,2,8,11]80
2[6,11,4,5,8]80
2[6,1,5,11,3]80
3[8,2,9,7,11]80
1[2,5,7,10,4]80
6[7,4,9,2,11]80
4[7,6,5,9,10]80
4[2,6,5,8,1]80
2[3,8,6,10,11]80
6[4,10,9,7,8]80
1[6,7,10,3,11]80
1[7,3,2,8,9]80
6[3,2,8,11,5]80
2[10,1,8,4,6]80
2[11,7,1,8,4]80
1[4,7,2,10,8]80
1[11,6,5,10,4]80
2[3,10,7,9,4]80
3[7,5,1,8,10]80
1[11,5,2,3,7]80
3[9,11,5,6,4]80
4[6,3,5,1,10]80
4[11,2,7,6,3]80
4[3,10,1,11,7]80
4[11,6,1,2,3]80
6[7,9,4,10,5]80
3[1,9,4,5,11]80
1[7,11,6,2,3]80
5[9,6,8,1,2]80
2[9,8,6,4,7]80
3[11,6,8,4,7]80
6[8,4,11,5,2]80
4[6,9,1,8,5]80
6[2,1,4,3,9]80
3[4,6,11,7,1]80
4[8,7,6,10,9]80
6[4,10,3,8,5]80
1[2,4,5,11,3]80
5[1,11,6,8,4]80
5[2,7,9,1,3]80
2[3,9,5,7,11]80
6[7,4,11,10,9]80
1[8,2,5,7,11]80
1[3,11,10,9,2]80
3[8,7,2,9,1]80
1[4,8,2,3,11]80
1[11,6,8,9,4]80
5[6,10,3,1,11]80
6[3,11,8,1,10]80
4[2,8,5,3,10]80
5[4,3,11,10,6]80
2[9,10,5,11,4]80
1[5,9,3,8,7]80
6[4,9,2,8,11]80
6[8,9,3,7,10]80
1[10,4,6,7,3]80
3[11,1,4,5,9]80
2[3,1,5,7,9]80
2[10,7,9,3,6]80
4[7,9,1,11,10]80
1[7,2,4,8,11]80
2[6,7,4,1,11]80
4[11,7,1,6,10]80
3[5,11,2,9,8]80
1[7,3,9,8,5]80
4[10,2,8,7,11]80
6[5,2,11,9,3]80
2[4,6,8,1,5]80
4[2,1,11,5,10]80
5[3,7,4,10,2]80
6[10,11,9,1,3]80
1[4,11,3,7,6]80
6[4,10,11,5,1]80
3[10,9,5,11,6]80
6[3,7,1,2,9]80
4[5,11,9,7,1]80
3[1,6,8,7,2]80
2[10,7,1,9,3]80
4[9,6,8,1,2]80
2[4,3,8,10,5]80
2[7,6,10,8,4]80
5[4,2,7,6,11]80
2[6,5,11,10,3]80
1[6,4,10,8,2]80
1[6,10,9,8,2]80
1[7,6,8,10,2]80
5[1,2,6,3,9]80
1[8,3,11,9,7]80
5[2,7,3,6,9]80
2[4,11,7,8,1]80
6[9,7,8,11,10]80
1[2,6,7,3,5]80
5[8,1,6,4,2]80
2[7,3,8,10,5]80
4[11,6,8,10,2]80
3[8,7,5,10,6]80
1[4,11,2,6,8]80
4[9,10,7,3,11]80
5[9,4,1,11,7]80
2[7,11,5,6,4]80
5[10,11,4,9,3]80
6[3,8,11,5,10]80
5[2,11,7,3,9]80
5[9,10,7,3,4]80
6[1,5,4,7,10]80
2[1,11,7,10,4]80
5[4,1,2,7,9]80
2[5,7,10,4,6]80
6[2,11,8,7,3]80
1[3,7,8,10,6]80
3[5,8,11,1,7]80
6[3,5,10,4,7]80
3[9,1,7,6,10]80
5[4,2,3,1,9]80
2[8,10,4,6,7]80
3[4,9,5,10,7]80
1[6,9,2,10,5]80
4[3,10,6,11,5]80
5[7,11,8,9,4]80
2[8,4,6,1,3]80
4[8,2,11,7,1]80
3[1,5,7,6,2]80
2[1,10,11,9,4]80
5[1,6,11,9,2]80
6[5,2,7,1,8]80
2[11,8,4,1,3]80
2[6,8,7,11,5]80
5[10,4,8,3,11]80
3[6,4,5,9,7]80
6[8,5,2,4,7]80
6[10,7,5,1,4]80
2[4,1,7,6,8]80
1[4,5,9,10,2]80
6[5,1,2,10,8]80
6[9,8,5,7,1]80
5[8,1,3,2,7]80
4[7,1,6,10,9]80
1[8,3,4,2,10]80
3[10,8,4,2,6]80
6[3,9,10,8,1]80
5[2,8,9,7,3]80
1[10,7,6,2,8]80
5[6,7,4,3,11]80
1[11,7,2,9,4]80
1[7,3,4,5,2]80
5[3,8,7,4,9]80
5[4,9,11,1,8]80
5[3,2,10,8,11]80
6[1,3,4,9,2]80
4[6,9,10,3,5]80
5[2,8,4,11,9]80
6[1,7,2,9,4]80
5[2,9,7,4,11]80
2[5,9,10,3,7]80
6[2,10,4,5,1]80
4[11,5,6,10,3]80
1[3,10,5,2,6]80
6[2,5,8,11,7]80
3[8,7,9,6,4]80
4[1,2,11,7,5]80
2[4,10,5,6,3]80
3[8,7,2,4,5]80
6[7,3,5,11,1]80
2[5,3,7,11,1]80
5[6,10,8,11,9]80
2[4,10,8,1,9]80
2[4,10,9,6,1]80
1[5,9,10,4,3]80
6[10,4,3,9,7]80
4[3,6,7,11,5]80
5[7,4,11,10,2]80
5[10,8,9,11,1]80
1[2,3,7,6,10]80
2[9,6,3,4,8]80
5[9,3,4,2,1]80
4[1,3,7,2,8]80
3[7,11,6,4,8]80
6[1,2,5,4,7]80
2[5,7,11,9,8]80
2[10,3,5,9,6]80
6[3,2,4,5,7]80
1[11,5,8,6,3]80
3[8,10,2,6,5]80
1[6,11,7,5,8]80
3[10,4,9,11,6]80
6[2,8,10,7,5]80
4[10,7,1,9,3]80
6[11,8,10,5,9]80
5[4,11,10,9,2]80
3[11,2,5,4,7]80
5[4,11,2,6,10]80
3[4,7,5,10,11]80
6[8,11,1,4,3]80
4[8,10,9,7,1]80
1[8,9,5,10,2]80
1[8,2,6,3,10]80
6[10,2,7,8,9]80
2[9,5,11,10,7]80
6[11,1,4,5,7]80
4[2,7,6,1,11]80
2[7,1,3,8,11]80
4[3,10,1,9,5]80
1[7,3,10,8,2]80
3[5,4,10,2,6]80
6[1,4,11,8,3]80
3[10,7,2,1,8]80
4[8,5,6,2,3]80
6[7,9,8,3,11]80
6[2,9,8,7,11]80
6[4,3,9,8,11]80
2[8,9,1,11,7]80
5[10,11,8,4,6]80
2[6,11,9,7,4]80
2[3,9,4,6,11]80
1[11,8,4,7,9]80
4[5,1,3,2,11]80
6[9,2,11,3,5]80
6[1,4,5,7,9]80
3[6,8,1,9,5]80
2[7,3,6,10,8]80
3[10,1,5,7,9]80
5[2,7,9,3,11]80
6[8,3,11,1,2]80
4[6,5,9,3,10]80
4[2,1,8,7,9]80
1[10,3,11,8,7]80
5[10,2,9,6,8]80
2[6,7,5,3,10]80
4[11,6,1,3,7]80
3[8,11,7,10,2]80
6[8,2,3,4,7]80
5[2,7,1,6,3]80
2[9,5,7,10,1]80
2[11,5,4,3,9]80
1[6,10,11,4,9]80
2[8,3,10,9,7]80
3[11,1,4,5,6]80
3[2,5,10,11,4]80
5[4,10,9,8,7]80
1[7,9,2,11,6]80
4[1,6,9,7,11]80
1[7,10,6,9,4]80
5[1,11,7,10,8]80
1[9,4,6,5,8]80
5[4,7,3,8,10]80
3[11,10,2,7,4]80
3[8,11,9,4,1]80
6[3,11,9,5,7]80
5[11,9,8,7,1]80
5[3,2,6,1,11]80
4[2,10,6,5,3]80
1[9,11,2,7,4]80
6[5,11,4,10,1]80
3[4,6,8,5,11]80
6[5,1,11,4,10]80
1[3,10,2,9,11]80
1[6,9,11,10,8]80
2[1,9,7,11,8]80
1[2,4,7,5,3]80
2[4,10,7,5,9]80
3[6,4,7,8,1]80
6[9,1,11,7,8]80
2[11,9,3,6,1]80
2[7,10,8,5,1]80
3[7,6,10,8,1]80
5[3,6,1,7,11]80
6[1,10,5,4,2]80
3[4,11,10,2,7]80
2[11,8,3,1,9]80
2[9,10,11,1,7]80
3[4,7,6,8,10]80
6[3,2,8,9,11]80
3[11,7,5,8,2]80
1[6,10,11,5,9]80
5[1,3,6,10,11]80
5[6,1,2,8,3]80
1[10,7,6,2,11]80
4[5,10,8,7,11]80
1[10,7,5,11,9]80
5[2,9,7,1,8]80
6[11,5,7,8,10]80
2[6,7,10,5,3]80
3[11,9,10,1,6]80
5[3,10,8,2,4]80
1[2,3,7,5,6]80
1[2,4,3,5,10]80
6[9,3,4,11,7]80
