4[14,7,3,12,10]80
3[19,1,24,16,20]80
3[2,22,11,20,19]80
4[13,24,20,3,7]80
1[12,24,13,9,6]80
2[23,12,16,11,5]80
4[22,14,20,12,9]80
6[11,8,22,17,19]80
3[21,14,4,1,6]80
1[12,23,11,5,7]80
2[12,19,11,23,22]80
5[4,2,12,10,7]80
3[16,11,19,22,18]80
4[13,12,2,17,18]80
2[23,1,8,6,9]80
2[5,15,16,13,23]80
3[23,8,15,22,13]80
1[11,14,10,12,22]80
6[1,4,19,18,23]80
4[16,2,13,3,6]80
4[15,2,6,23,22]80
2[7,1,10,17,3]80
6[13,15,4,12,11]80
1[13,5,9,16,23]80
1[16,9,5,3,20]80
6[12,13,4,24,23]80
2[13,20,23,24,15]80
2[3,16,4,5,18]80
1[9,21,10,2,24]80
1[24,9,18,15,4]80
2[6,7,19,21,9]80
3[12,17,7,24,1]80
1[12,14,10,23,13]80
3[16,1,11,17,19]80
4[21,15,22,19,1]80
4[12,18,17,16,3]80
4[24,20,18,10,5]80
4[21,19,12,23,13]80
6[9,24,21,17,3]80
3[22,15,21,6,1]80
1[16,5,8,6,24]80
5[4,16,11,22,12]80
2[23,20,12,21,10]80
3[2,24,4,1,21]80
6[1,24,5,12,2]80
4[7,11,14,23,5]80
6[2,22,16,11,10]80
3[24,4,19,22,21]80
4[21,16,10,6,24]80
6[7,22,4,17,19]80
1[12,9,3,17,21]80
5[10,16,8,22,11]80
5[17,13,23,12,18]80
2[17,22,20,19,7]80
6[15,22,2,13,11]80
1[8,15,16,10,4]80
1[12,24,17,18,13]80
3[4,18,10,16,13]80
1[10,23,20,19,5]80
1[24,13,4,16,20]80
5[2,1,3,8,6]80
6[4,10,23,13,9]80
4[1,21,18,14,17]80
5[6,19,1,20,14]80
2[6,8,19,7,11]80
1[3,11,24,7,21]80
6[10,24,22,11,9]80
6[10,18,11,3,13]80
1[8,3,22,12,20]80
3[14,6,2,1,19]80
2[9,3,21,23,20]80
2[23,3,5,12,8]80
4[23,8,5,20,10]80
1[21,11,19,10,7]80
2[16,17,12,20,18]80
4[5,1,18,15,6]80
3[4,18,6,23,5]80
1[18,7,19,13,22]80
4[10,12,7,2,23]80
6[12,10,13,3,17]80
2[4,21,7,5,8]80
4[14,5,10,7,18]80
5[3,22,13,12,10]80
6[22,18,9,19,3]80
1[5,17,13,23,14]80
6[9,24,8,20,19]80
3[2,13,6,7,17]80
6[8,18,5,12,23]80
4[13,23,24,6,20]80
3[10,24,6,18,2]80
2[11,16,15,17,10]80
4[20,14,12,5,11]80
2[6,17,11,7,13]80
2[21,6,22,18,14]80
5[8,4,19,22,16]80
2[16,12,17,1,11]80
1[22,13,15,11,18]80
1[5,17,24,3,19]80
1[24,22,19,23,21]80
5[22,12,20,19,2]80
1[9,6,14,24,3]80
5[15,12,7,6,11]80
2[5,12,13,17,10]80
6[8,23,21,17,20]80
1[21,2,13,12,18]80
5[8,2,4,3,17]80
2[5,18,11,8,4]80
4[1,6,17,20,13]80
3[8,17,19,14,4]80
1[15,9,17,20,3]80
4[19,7,6,1,18]80
5[9,2,14,17,18]80
2[14,11,19,23,24]80
5[7,20,10,1,16]80
6[23,18,7,16,17]80
5[16,11,21,17,7]80
5[12,13,23,17,24]80
6[24,13,10,8,16]80
2[18,6,4,12,16]80
5[1,23,7,18,12]80
2[14,9,23,6,17]80
6[12,3,10,22,2]80
1[17,4,2,20,11]80
3[10,4,15,21,5]80
6[5,19,13,2,16]80
3[23,1,12,18,22]80
5[10,2,21,9,7]80
2[21,20,8,24,13]80
3[8,12,23,17,24]80
1[7,19,10,12,8]80
4[21,18,9,16,6]80
5[16,10,15,20,14]80
2[10,20,11,18,7]80
4[9,15,20,6,5]80
3[13,19,18,4,15]80
2[21,8,24,16,20]80
5[18,20,2,12,24]80
6[23,5,3,11,4]80
2[1,19,16,9,10]80
2[1,18,11,4,13]80
5[9,17,24,23,16]80
3[15,5,18,17,14]80
6[20,23,19,17,9]80
6[8,16,15,5,22]80
2[21,6,3,18,5]80
1[5,16,4,22,9]80
6[13,16,5,18,10]80
6[22,19,17,7,16]80
5[18,21,17,24,12]80
4[10,22,15,18,8]80
1[12,7,8,5,13]80
3[6,15,21,18,9]80
6[21,19,23,1,24]80
5[11,21,1,4,9]80
1[12,16,7,22,18]80
5[6,21,15,9,13]80
1[2,23,8,21,16]80
1[23,17,2,19,20]80
5[2,6,18,14,4]80
5[4,9,17,11,6]80
5[14,3,20,2,23]80
6[5,19,2,15,23]80
4[20,2,17,23,6]80
5[2,14,22,24,20]80
6[18,12,22,15,10]80
5[24,13,7,3,19]80
2[8,3,20,11,4]80
6[21,12,1,17,10]80
4[12,18,6,1,19]80
1[8,11,4,5,17]80
6[3,18,21,9,7]80
3[4,5,17,16,7]80
4[6,11,15,10,20]80
2[18,23,11,15,17]80
3[5,1,2,18,6]80
6[9,22,10,16,1]80
2[20,18,17,7,10]80
5[16,12,9,15,1]80
2[4,22,11,12,14]80
2[13,21,18,17,3]80
1[11,7,18,3,16]80
6[23,9,4,14,16]80
4[24,1,20,13,15]80
5[24,20,4,10,2]80
5[20,9,21,10,19]80
1[20,14,19,24,11]80
2[21,11,3,10,6]80
5[19,4,17,9,24]80
4[22,21,3,1,5]80
3[10,23,4,1,15]80
6[2,9,7,4,18]80
2[11,13,1,7,23]80
2[23,12,3,10,24]80
6[13,10,4,12,14]80
1[21,5,10,15,20]80
3[6,19,22,2,8]80
1[2,14,8,22,4]80
3[5,7,24,18,2]80
6[17,7,14,5,4]80
4[9,14,22,23,17]80
6[13,4,8,11,10]80
5[22,21,4,23,6]80
3[22,20,13,16,4]80
5[24,17,21,6,20]80
3[9,16,24,22,15]80
6[24,17,18,14,1]80
4[16,6,11,3,10]80
1[6,19,8,10,24]80
1[5,21,10,6,8]80
6[3,4,22,11,8]80
2[19,6,18,9,15]80
6[22,5,24,2,12]80
4[1,24,21,8,15]80
2[19,18,1,15,3]80
4[23,3,18,11,5]80
1[5,16,20,8,13]80
3[18,21,16,11,15]80
6[12,22,5,23,19]80
3[13,20,7,21,11]80
4[7,5,19,23,3]80
6[16,14,23,9,1]80
6[18,1,2,16,24]80
6[20,12,4,2,9]80
2[19,4,11,14,13]80
5[2,19,22,12,17]80
2[12,23,10,24,5]80
2[6,16,24,22,11]80
1[7,4,21,12,14]80
4[23,8,7,13,14]80
6[11,14,5,9,19]80
6[18,17,21,24,4]80
3[7,6,21,9,15]80
2[20,8,10,12,21]80
3[2,9,20,12,24]80
5[15,17,11,6,21]80
6[9,23,3,8,22]80
4[11,24,21,15,9]80
4[19,3,11,18,16]80
1[5,21,20,6,18]80
5[16,12,20,2,1]80
2[1,18,5,22,4]80
4[9,2,15,21,6]80
3[9,15,21,10,20]80
6[11,13,9,12,7]80
5[17,1,2,18,7]80
2[9,8,1,20,16]80
2[24,11,1,9,19]80
1[20,14,18,6,12]80
2[1,18,10,5,4]80
3[2,8,23,18,24]80
3[20,11,10,6,13]80
5[19,6,22,20,15]80
1[21,17,19,11,2]80
4[14,2,19,16,3]80
1[10,3,5,20,2]80
5[21,10,24,17,1]80
1[7,12,15,10,11]80
5[24,15,13,18,12]80
3[22,6,8,9,20]80
3[4,12,7,1,18]80
6[2,15,1,18,20]80
5[3,24,9,12,19]80
5[17,9,23,22,16]80
4[12,2,13,22,16]80
1[18,12,22,11,15]80
6[12,21,11,18,16]80
3[4,12,23,14,20]80
6[3,16,21,1,23]80
1[14,21,18,7,8]80
1[18,20,8,3,14]80
2[8,9,7,15,22]80
1[16,13,18,17,21]80
2[20,23,3,17,1]80
3[8,1,7,11,16]80
6[12,17,14,16,20]80
2[21,18,13,3,8]80
2[20,9,16,3,23]80
3[2,1,17,7,16]80
5[3,16,8,4,23]80
6[4,7,23,8,17]80
3[15,6,9,16,4]80
2[7,22,18,15,10]80
2[12,14,16,17,20]80
3[13,2,9,20,16]80
6[10,22,16,18,13]80
3[10,14,19,13,6]80
1[11,6,14,12,8]80
5[12,18,6,19,17]80
5[9,16,3,24,8]80
1[7,14,5,11,13]80
4[19,12,5,1,6]80
1[4,8,10,23,16]80
5[11,2,13,12,9]80
6[4,23,8,11,5]80
2[16,1,23,17,4]80
3[10,23,6,4,17]80
5[8,10,15,3,23]80
1[11,3,10,6,4]80
1[22,4,2,7,11]80
6[24,20,3,18,9]80
