5[7,17,3,21,6]80
3[4,21,23,18,10]160
4[22,11,16,23,9]120
5[7,17,4,8,3]120
3[22,2,17,13,4]160
4[2,19,10,14,23]80
2[9,11,14,22,21]120
3[22,9,15,17,10]40
6[14,5,24,20,12]120
3[5,1,12,7,18]40
6[24,20,18,11,22]160
6[23,1,3,24,20]160
6[1,16,14,19,24]40
6[2,22,5,8,23]120
1[21,6,7,17,8]40
2[1,22,9,12,8]40
1[15,11,23,13,12]40
6[1,16,5,13,12]40
5[18,15,8,7,23]160
4[6,3,14,18,9]120
3[15,10,5,11,1]80
3[23,6,24,18,16]80
5[16,4,2,17,21]160
1[12,14,23,17,20]120
4[3,10,6,8,19]160
4[14,8,24,17,2]40
1[18,21,7,3,8]120
5[12,13,11,18,20]160
1[2,11,9,24,8]160
4[17,16,9,8,21]80
3[11,19,13,4,15]160
6[16,4,13,24,20]40
2[23,10,11,21,8]160
5[16,9,20,10,6]120
6[14,16,24,21,9]120
5[17,12,7,3,23]40
5[12,20,21,15,8]40
4[23,5,20,3,7]80
1[16,3,2,15,20]120
1[17,2,16,12,22]40
5[1,7,14,24,15]160
3[23,21,12,18,6]80
5[16,19,17,18,7]120
4[8,12,5,16,23]160
5[12,24,21,1,23]120
2[13,18,3,17,12]120
6[22,1,14,3,11]160
4[16,13,7,23,14]120
6[5,10,24,23,9]80
5[22,16,3,20,14]120
1[8,23,21,5,24]120
6[14,12,5,9,2]160
1[2,20,18,10,15]40
4[23,2,19,13,10]80
2[1,6,14,18,16]120
5[9,18,13,12,6]160
4[22,20,18,17,16]80
2[15,3,11,24,18]160
3[9,7,22,12,2]160
6[18,9,22,1,21]120
4[7,14,13,15,3]80
2[1,20,24,8,14]40
1[16,21,22,12,9]160
5[6,19,23,20,10]80
5[7,22,4,2,6]160
3[10,17,9,5,20]40
5[6,10,20,15,14]80
5[19,23,18,16,24]80
3[15,13,5,11,14]120
6[10,21,8,2,16]40
3[7,24,23,13,4]80
6[5,3,20,11,19]40
2[14,12,4,20,22]40
6[14,9,17,2,12]80
1[22,8,20,12,15]160
3[12,14,5,24,18]80
4[15,16,14,5,9]160
5[19,20,16,10,23]160
1[2,19,13,9,8]160
1[16,9,4,2,13]80
5[22,10,14,1,12]160
6[19,11,21,5,13]160
5[12,24,4,23,16]160
3[8,18,16,19,13]160
3[15,2,22,21,23]160
5[19,15,11,10,23]80
6[12,4,21,17,13]120
1[24,11,2,9,14]160
1[12,9,15,4,5]40
3[1,20,19,15,7]40
2[10,13,12,6,24]80
2[7,5,13,8,18]80
2[5,17,21,18,23]120
2[20,17,23,22,12]80
6[3,22,5,14,15]40
6[15,3,24,1,8]40
1[19,17,6,22,4]80
3[18,6,21,12,19]160
1[4,13,3,21,22]160
5[21,4,16,1,3]120
1[4,10,12,9,3]80
1[8,4,20,9,5]160
2[20,16,10,6,11]120
6[15,16,5,19,17]120
6[14,24,4,16,5]120
2[5,7,9,23,11]120
6[21,20,15,10,11]80
2[16,7,6,17,3]80
1[9,17,6,14,15]120
5[20,3,16,22,17]80
4[21,16,6,14,9]160
6[17,9,12,13,22]40
5[13,2,8,9,20]120
4[14,18,2,11,7]80
2[11,8,12,20,18]40
3[13,11,22,12,19]120
5[2,10,23,14,15]160
2[8,10,24,4,22]40
6[8,3,21,15,18]80
4[22,8,18,6,11]80
4[5,1,9,21,14]120
2[23,9,14,10,24]40
4[3,23,12,17,22]80
1[10,24,2,6,19]160
5[14,7,17,19,18]120
6[1,18,13,17,8]120
3[6,8,23,4,12]120
3[12,2,18,11,16]120
3[12,8,9,17,5]80
6[14,15,23,19,18]80
3[4,23,22,7,5]80
5[14,23,4,11,2]160
6[12,14,24,9,20]40
6[17,24,8,15,13]40
4[8,3,23,1,13]80
5[15,18,21,8,1]160
1[21,14,5,11,2]160
3[16,2,22,23,12]80
4[20,13,11,12,16]40
4[24,11,10,2,17]120
4[13,17,12,22,19]80
4[6,21,15,11,22]40
2[21,19,16,20,18]160
6[13,16,20,2,22]40
5[12,6,3,14,18]40
5[22,13,4,18,15]160
2[18,16,24,22,7]80
3[14,7,13,18,2]120
6[11,12,15,8,5]40
5[10,16,9,12,19]120
4[24,11,23,17,3]160
6[21,4,19,11,23]120
6[8,23,7,15,21]160
1[21,12,18,8,19]80
5[15,3,13,10,8]120
2[4,14,9,20,10]120
1[22,19,16,24,17]80
6[9,18,1,19,20]40
4[21,17,14,3,16]160
5[7,3,12,11,22]120
2[12,23,6,10,20]160
5[9,21,19,8,17]40
5[23,3,24,22,7]120
1[18,9,5,20,15]160
1[15,11,7,24,22]40
6[15,22,14,24,21]40
1[21,12,8,14,16]120
1[18,7,19,5,9]120
2[18,24,13,10,8]160
2[6,22,8,21,12]160
6[24,17,20,9,2]80
2[17,13,23,12,16]80
4[10,3,12,14,20]120
5[9,8,7,10,24]160
3[7,13,22,21,18]40
1[21,4,18,12,9]80
6[23,4,1,3,13]40
3[2,12,10,13,16]80
4[22,6,3,11,1]80
2[3,12,5,13,23]40
6[5,22,21,15,3]80
2[23,17,3,5,4]160
5[19,16,20,10,6]120
5[16,24,14,18,21]80
6[18,13,2,10,11]80
6[5,21,13,24,10]80
5[21,13,15,12,10]40
4[22,19,16,10,20]120
3[4,1,2,13,24]160
3[6,11,22,12,10]40
2[17,5,15,9,12]80
1[16,4,14,18,15]80
5[13,11,6,23,7]120
2[17,23,8,16,13]160
4[17,13,8,2,23]160
3[21,4,18,20,16]120
4[7,5,8,10,14]80
5[14,16,17,19,4]40
6[23,9,8,3,5]120
6[12,1,20,4,15]40
2[22,12,16,24,18]40
2[6,24,16,23,10]120
5[17,13,18,11,10]160
5[15,7,6,11,21]80
1[6,16,19,13,14]120
4[1,9,8,12,23]80
2[21,22,18,12,19]80
1[3,14,11,16,22]120
6[10,3,12,8,5]80
1[17,8,6,15,23]120
1[6,9,24,12,13]40
4[21,13,12,14,15]160
2[15,21,12,16,14]40
1[15,7,17,11,14]160
1[4,7,19,16,15]40
5[4,16,21,7,3]160
6[17,8,21,7,16]160
1[15,24,11,5,19]160
2[16,9,4,20,13]40
6[12,21,20,15,1]40
6[16,22,18,8,9]160
3[14,9,11,22,13]40
3[13,12,2,9,15]160
3[2,15,24,19,20]120
3[10,24,19,15,4]160
3[11,5,24,4,1]120
6[23,4,7,24,10]120
1[7,10,22,16,12]80
1[8,2,6,5,16]160
1[4,21,22,7,14]160
1[17,24,21,13,9]40
2[15,9,10,8,12]40
6[5,3,2,19,21]40
3[19,11,20,9,21]40
1[22,2,3,17,18]120
1[18,10,6,8,15]160
6[12,20,4,19,17]80
5[10,22,16,20,4]160
5[6,24,7,8,17]120
6[24,18,8,3,2]40
6[22,7,10,16,3]40
4[19,20,14,13,18]40
1[18,15,22,2,20]120
6[23,17,2,12,7]80
2[19,16,18,9,20]160
5[15,1,3,4,22]120
6[24,18,5,3,16]40
5[20,1,21,2,8]40
5[16,22,15,7,8]40
1[4,18,21,13,14]120
3[12,16,4,21,9]80
4[5,8,22,9,12]40
5[15,11,8,7,10]120
4[22,23,15,13,16]120
5[11,4,24,18,12]120
3[7,17,2,8,6]160
5[16,17,1,4,7]120
2[14,4,23,19,7]80
3[17,5,23,10,16]80
3[20,14,7,2,22]40
5[15,21,2,23,4]120
4[3,13,18,14,10]40
2[19,23,1,18,4]40
3[18,21,1,20,10]160
5[13,10,18,1,24]80
1[2,22,9,23,4]40
5[3,22,24,17,15]160
4[15,20,22,13,1]120
1[10,6,15,3,21]120
5[16,3,19,23,7]120
4[17,10,11,18,3]40
2[10,9,18,24,17]120
3[8,16,5,14,17]80
6[15,23,4,7,18]120
2[13,3,21,15,16]40
3[20,12,4,15,23]120
3[11,8,19,13,7]160
2[9,15,13,16,4]40
6[19,9,20,13,1]160
1[22,21,19,7,5]160
1[16,5,19,4,18]80
4[18,6,1,2,5]40
2[23,24,9,22,14]160
4[3,15,11,23,21]80
5[14,22,23,6,21]40
5[8,13,4,6,2]80
4[7,6,13,16,19]80
2[19,23,4,11,3]40
6[15,1,10,5,9]160
6[7,21,12,22,9]40
4[11,14,16,9,23]40
3[11,23,1,8,21]120
4[21,8,2,1,13]80
5[20,3,13,2,18]80
1[4,6,15,22,8]160
4[18,9,8,5,16]40
2[14,8,18,20,11]80
4[13,19,24,21,8]120
3[16,9,23,1,15]40
1[20,8,12,7,2]160
