6[9,16,13,3,19]120
6[4,22,24,21,3]120
5[23,19,22,8,11]120
2[18,21,3,24,5]120
1[7,12,19,6,16]120
6[10,12,24,13,16]120
6[19,22,24,2,11]120
2[5,4,1,3,18]120
1[10,5,21,13,8]120
4[15,17,20,10,24]120
4[8,12,13,16,11]120
2[12,6,14,11,18]120
6[24,3,18,20,21]120
2[11,17,16,1,20]120
2[24,7,22,10,5]120
4[20,5,18,14,3]120
2[10,23,14,6,21]120
2[20,24,1,4,6]120
3[6,9,11,2,22]120
6[15,13,4,3,11]120
1[9,6,19,12,4]120
4[10,7,18,16,14]120
3[10,13,16,20,5]120
5[24,4,20,3,17]120
2[22,7,1,13,14]120
3[16,12,10,11,13]120
1[23,24,19,4,11]120
6[14,1,21,3,4]120
4[7,3,21,20,17]120
4[24,23,5,14,7]120
4[16,22,5,24,15]120
6[9,11,3,15,21]120
4[17,8,21,24,6]120
2[23,9,6,21,12]120
5[7,13,20,11,4]120
2[9,15,12,6,17]120
6[11,24,19,14,7]120
3[11,17,16,7,4]120
2[8,23,20,13,10]120
2[4,16,23,20,8]120
1[8,7,24,3,10]120
5[11,14,21,7,9]120
1[6,18,13,15,23]120
3[10,2,23,5,16]120
6[15,16,22,19,1]120
3[19,8,13,7,6]120
1[15,14,22,11,23]120
2[7,5,22,24,8]120
6[10,5,8,11,7]120
1[10,9,7,6,20]120
5[9,6,18,15,1]120
5[21,3,20,4,10]120
6[3,4,12,13,11]120
6[12,9,18,7,21]120
5[16,17,15,6,8]120
3[12,15,7,11,1]120
2[19,24,12,13,16]120
1[2,10,7,5,6]120
5[20,21,11,12,4]120
4[2,15,19,23,24]120
3[12,24,21,11,23]120
1[16,5,12,11,7]120
5[18,16,17,6,10]120
6[1,21,24,2,7]120
5[4,20,2,11,18]120
2[8,13,22,20,9]120
2[6,12,8,15,1]120
2[18,5,1,6,19]120
5[24,1,15,3,6]120
4[19,11,1,9,7]120
6[12,11,15,24,2]120
6[20,14,9,18,5]120
3[7,6,16,12,14]120
6[3,9,21,5,15]120
3[5,20,10,15,13]120
5[17,19,10,16,14]120
1[8,4,5,11,20]120
5[18,22,9,17,10]120
2[18,17,14,22,4]120
3[24,11,2,23,9]120
3[5,24,7,16,22]120
6[2,11,23,21,1]120
1[7,3,22,16,23]120
3[2,23,17,13,24]120
1[16,14,3,11,6]120
6[23,10,14,8,7]120
2[1,24,13,17,20]120
6[1,24,22,7,14]120
1[3,8,10,19,11]120
5[6,18,9,1,14]120
1[6,18,8,2,4]120
2[22,15,9,11,3]120
2[20,19,1,9,16]120
2[14,10,1,9,15]120
3[12,15,5,17,6]120
5[2,7,16,21,23]120
4[20,10,22,23,12]120
5[1,18,12,17,13]120
2[11,15,13,19,12]120
5[13,7,4,23,12]120
2[9,13,10,19,18]120
6[7,13,15,8,1]120
1[8,7,23,20,21]120
2[9,11,3,17,7]120
1[11,10,5,15,8]120
5[8,19,7,14,13]120
6[2,13,11,18,15]120
6[7,12,2,23,16]120
3[5,12,15,1,10]120
2[20,14,1,4,19]120
6[18,7,5,9,21]120
3[9,7,21,2,15]120
1[7,2,15,13,4]120
1[6,8,22,4,12]120
1[13,20,10,11,16]120
3[18,14,2,21,6]120
1[19,5,3,24,16]120
6[11,22,14,18,13]120
5[6,20,12,1,9]120
6[19,23,5,22,16]120
3[19,20,16,23,13]120
4[7,10,23,12,17]120
3[13,8,20,9,10]120
5[2,1,15,24,7]120
2[22,16,1,12,23]120
2[7,1,9,5,3]120
3[10,23,9,6,11]120
4[10,17,5,12,20]120
2[16,20,19,1,10]120
5[7,15,19,4,24]120
1[9,5,18,23,12]120
4[2,19,10,14,23]120
3[23,10,21,13,12]120
2[3,15,7,9,11]120
2[23,4,14,6,22]120
3[10,4,15,7,9]120
3[16,7,17,14,22]120
2[20,12,17,9,21]120
6[23,1,3,24,20]120
3[9,23,18,15,13]120
2[11,14,20,12,10]120
3[9,1,19,17,6]120
5[16,18,17,7,4]120
6[23,18,9,5,8]120
1[20,17,5,16,8]120
6[1,16,5,13,12]120
6[24,22,13,5,23]120
4[3,16,2,17,14]120
2[5,22,14,17,18]120
4[8,1,3,19,7]120
5[2,18,1,7,3]120
4[17,13,11,16,12]120
1[12,14,23,17,20]120
2[23,16,12,7,6]120
3[14,7,1,8,22]120
4[18,1,2,8,6]120
3[1,4,18,21,23]120
5[21,9,2,6,8]120
6[17,18,19,9,14]120
4[17,16,9,8,21]120
2[24,19,7,22,16]120
6[14,13,23,19,1]120
2[22,5,16,13,24]120
3[12,20,23,15,19]120
2[4,3,5,7,22]120
4[3,22,19,5,21]120
5[17,12,7,3,23]120
5[12,1,13,18,21]120
2[15,18,8,14,21]120
3[9,6,10,21,18]120
1[19,10,23,2,20]120
5[14,18,6,4,3]120
5[14,17,1,13,10]120
3[23,21,12,18,6]120
1[18,24,17,19,14]120
5[2,14,18,8,16]120
2[18,23,22,6,12]120
4[23,15,22,2,24]120
2[24,23,6,14,10]120
4[7,18,17,11,5]120
4[16,13,7,23,14]120
6[9,10,5,7,16]120
2[14,12,6,4,18]120
3[6,1,2,17,15]120
4[12,3,16,6,24]120
1[2,11,6,21,5]120
2[3,10,21,8,17]120
4[23,2,19,13,10]120
3[14,2,12,15,9]120
4[12,6,17,22,18]120
6[12,16,19,7,18]120
5[14,20,17,2,19]120
2[23,3,21,10,11]120
3[10,7,23,5,9]120
6[18,9,22,1,21]120
6[9,7,12,4,16]120
2[24,3,8,13,21]120
2[22,7,12,1,5]120
4[21,24,18,6,19]120
3[5,21,2,24,10]120
3[4,20,15,6,13]120
3[10,17,9,5,20]120
4[3,15,12,13,20]120
4[21,16,1,7,24]120
3[24,22,10,20,11]120
4[15,11,12,18,10]120
5[3,6,14,18,7]120
2[12,19,21,13,24]120
6[5,3,20,11,19]120
1[23,21,18,8,17]120
2[23,21,1,4,8]120
4[22,13,15,3,11]120
6[3,12,8,19,18]120
2[12,3,4,24,22]120
3[21,16,22,18,2]120
5[19,20,16,10,23]120
6[1,14,17,7,10]120
4[21,1,17,14,16]120
5[16,2,17,12,6]120
6[4,8,7,2,5]120
4[20,14,21,18,3]120
3[22,8,16,15,18]120
3[8,18,16,19,13]120
6[24,23,18,7,12]120
6[12,13,8,16,9]120
5[14,15,3,18,21]120
3[6,16,20,23,10]120
6[16,5,3,12,22]120
5[8,21,4,19,12]120
3[1,20,19,15,7]120
6[8,5,21,13,22]120
2[23,21,18,9,16]120
5[16,21,6,9,4]120
6[15,16,18,24,21]120
6[16,3,17,11,20]120
1[22,18,5,16,17]120
6[15,3,24,1,8]120
6[22,16,13,2,3]120
4[18,6,15,23,7]120
6[1,3,7,4,21]120
2[19,24,7,6,17]120
4[10,3,24,2,1]120
3[13,5,12,16,19]120
1[8,4,20,9,5]120
3[5,12,16,9,13]120
2[13,5,6,20,8]120
1[10,17,18,2,6]120
4[16,14,20,5,17]120
5[11,10,1,22,18]120
2[15,7,22,20,8]120
2[16,7,6,17,3]120
3[13,5,6,18,20]120
3[11,19,6,1,18]120
4[15,13,19,21,24]120
5[24,18,15,19,16]120
2[15,11,22,23,1]120
1[17,4,21,10,12]120
4[14,18,2,11,7]120
5[18,7,9,15,23]120
6[22,14,1,17,19]120
6[20,22,5,11,12]120
2[24,10,7,17,16]120
4[15,6,2,13,24]120
6[13,4,18,7,14]120
4[22,8,18,6,11]120
5[12,17,6,22,16]120
1[16,5,6,24,22]120
2[6,12,16,21,8]120
4[21,17,2,18,19]120
6[4,12,8,10,21]120
4[6,18,13,19,1]120
6[1,18,13,17,8]120
1[14,15,24,12,21]120
4[20,8,5,13,16]120
5[19,17,21,24,20]120
1[21,6,7,17,22]120
1[11,12,15,22,24]120
1[4,22,13,16,5]120
5[14,23,4,11,2]120
3[10,21,7,18,9]120
4[23,17,1,3,5]120
3[23,11,5,22,17]120
5[15,22,17,8,12]120
4[2,11,7,24,5]120
3[10,1,21,16,20]120
3[16,2,22,23,12]120
1[19,18,11,24,15]120
1[20,24,5,3,14]120
6[21,9,12,13,1]120
5[16,11,15,2,8]120
5[1,19,13,10,17]120
2[8,13,1,7,3]120
6[13,16,20,2,22]120
1[9,4,5,12,6]120
6[18,1,20,22,5]120
5[24,15,6,9,21]120
6[3,4,11,10,17]120
2[24,3,13,16,9]120
4[19,16,20,15,17]120
5[10,16,9,12,19]120
