6[7,12,13,14,11]120
3[13,7,10,4,6]120
6[13,5,7,11,12]120
1[3,9,14,4,8]120
1[2,3,10,5,4]120
1[13,6,9,3,14]120
6[14,12,9,1,2]120
2[9,14,10,3,5]120
6[11,12,1,2,13]120
3[6,9,13,14,7]120
4[8,12,13,5,6]120
3[11,10,6,5,2]120
5[3,2,12,9,1]120
5[2,10,6,11,1]120
5[2,7,12,10,9]120
1[4,2,3,12,11]120
1[13,3,10,12,14]120
4[13,6,1,7,5]120
3[9,14,7,5,10]120
4[14,2,9,3,1]120
3[11,2,8,14,4]120
3[10,1,4,12,9]120
5[10,7,12,14,9]120
1[8,4,2,6,3]120
3[5,14,6,7,11]120
2[3,12,7,8,9]120
3[10,5,11,6,9]120
4[13,7,11,3,2]120
4[2,13,7,11,14]120
5[14,9,13,2,4]120
5[3,2,14,7,8]120
5[2,3,8,4,1]120
2[9,14,1,5,12]120
4[14,3,8,11,10]120
6[2,4,8,5,3]120
6[9,10,14,5,11]120
5[3,11,9,14,12]120
3[1,10,11,12,13]120
6[4,14,13,2,1]120
5[6,10,7,2,8]120
2[1,4,6,3,14]120
2[3,8,4,14,1]120
5[14,10,1,2,11]120
5[8,3,13,7,2]120
1[5,13,14,2,12]120
2[8,9,3,1,14]120
4[9,12,13,8,3]120
2[3,11,7,8,10]120
5[6,2,1,12,9]120
5[14,11,6,12,8]120
1[2,12,14,9,5]120
3[5,12,14,11,2]120
6[14,8,7,3,9]120
2[7,5,13,14,12]120
1[3,13,4,12,8]120
3[6,2,1,5,10]120
4[9,2,3,11,12]120
3[6,2,4,1,10]120
4[3,9,13,14,6]120
1[6,5,14,7,4]120
1[7,12,13,8,3]120
5[1,10,7,14,11]120
5[13,12,10,2,1]120
1[11,14,4,5,10]120
1[12,6,4,5,8]120
6[14,1,12,3,11]120
2[4,6,1,5,12]120
4[12,13,3,2,10]120
5[11,4,13,9,1]120
2[8,9,3,4,1]120
4[8,14,1,5,3]120
4[14,7,2,8,9]120
3[1,5,8,7,11]120
4[8,12,11,9,3]120
1[7,10,4,12,3]120
6[4,13,11,3,9]120
5[10,13,11,4,2]120
3[12,8,9,13,5]120
6[3,8,9,2,7]120
5[12,6,10,8,13]120
4[9,1,7,8,13]120
5[8,1,3,13,4]120
3[7,12,1,4,11]120
5[7,13,11,3,10]120
2[12,9,3,13,1]120
1[6,2,9,14,11]120
5[10,3,2,9,4]120
1[3,5,6,11,9]120
5[14,9,12,3,13]120
5[3,4,7,12,10]120
5[6,1,12,4,7]120
6[4,8,13,2,3]120
1[5,13,12,9,11]120
1[2,10,5,9,12]120
1[2,12,13,6,10]120
3[6,10,4,8,5]120
1[7,3,12,14,11]120
2[8,11,10,12,9]120
6[8,14,10,3,7]120
6[5,3,8,13,9]120
1[8,9,10,7,12]120
4[9,14,5,2,13]120
3[7,5,1,13,6]120
1[14,10,9,12,7]120
2[12,3,7,10,14]120
6[12,14,3,4,2]120
2[7,12,5,6,14]120
3[4,6,2,14,7]120
4[8,7,10,5,9]120
5[2,14,4,12,9]120
6[8,11,4,1,3]120
2[7,5,13,14,10]120
5[11,13,14,8,3]120
5[14,6,1,7,8]120
5[1,3,2,10,6]120
6[10,2,4,12,11]120
5[13,14,3,12,11]120
3[2,12,14,9,7]120
6[4,12,10,13,8]120
2[6,10,4,12,3]120
2[8,11,13,10,12]120
6[13,1,3,14,4]120
1[13,4,2,8,11]120
4[5,8,2,11,1]120
3[10,9,11,13,5]120
4[11,2,10,5,13]120
1[11,10,5,2,8]120
1[13,2,4,14,5]120
2[5,8,10,6,9]120
3[13,10,11,4,2]120
6[3,14,7,5,4]120
2[9,14,4,11,6]120
5[9,6,3,8,11]120
3[11,13,1,14,5]120
2[7,8,10,4,1]120
4[10,11,2,6,3]120
1[10,6,9,4,12]120
2[1,13,8,12,6]120
3[14,8,6,12,7]120
6[1,12,3,2,14]120
2[6,1,8,9,4]120
6[4,3,8,5,9]120
3[4,10,1,9,8]120
3[1,13,8,12,10]120
3[9,6,4,14,5]120
5[7,8,9,10,1]120
1[9,2,10,8,7]120
2[12,1,13,6,9]120
4[12,14,2,3,7]120
2[4,1,14,5,6]120
6[1,5,7,2,9]120
6[14,8,7,3,2]120
5[6,11,2,8,14]120
4[3,1,7,2,8]120
6[4,14,9,12,10]120
3[6,4,13,10,12]120
4[1,14,2,6,13]120
1[7,6,10,4,3]120
5[9,10,13,7,11]120
6[7,3,8,13,4]120
1[10,11,3,6,9]120
5[1,9,4,8,3]120
4[13,7,10,14,12]120
2[13,11,4,14,7]120
4[6,12,13,8,9]120
6[9,7,8,5,2]120
5[9,14,13,1,8]120
2[3,8,4,9,5]120
2[14,8,7,5,4]120
2[4,5,3,10,9]120
1[2,10,11,13,7]120
1[14,3,12,5,7]120
2[8,4,9,11,13]120
4[13,7,10,1,3]120
6[2,12,8,4,7]120
2[10,14,7,4,1]120
2[4,8,7,6,11]120
3[10,5,8,12,9]120
2[13,12,1,6,14]120
4[3,12,1,9,14]120
2[4,3,11,9,6]120
2[11,10,7,12,3]120
1[6,8,11,14,4]120
4[12,3,13,14,11]120
6[2,11,1,12,3]120
4[11,2,3,1,10]120
3[7,14,4,6,11]120
6[1,7,11,13,12]120
4[8,5,13,14,9]120
1[4,3,11,7,6]120
3[4,1,13,12,8]120
2[9,12,10,8,14]120
4[11,3,2,1,12]120
3[4,12,8,11,7]120
2[13,14,7,6,4]120
6[11,10,5,4,1]120
1[3,8,2,4,10]120
4[12,3,10,13,2]120
5[14,7,9,1,2]120
3[2,11,12,8,5]120
2[9,5,10,3,1]120
4[6,5,2,3,7]120
4[2,13,5,10,6]120
1[7,9,4,10,8]120
1[14,9,13,5,2]120
4[13,12,2,14,9]120
6[12,8,9,7,1]120
2[10,12,7,13,3]120
5[6,2,1,10,13]120
6[10,14,2,1,13]120
1[7,2,3,12,10]120
3[2,10,5,8,1]120
5[10,14,1,12,2]120
5[13,11,14,9,6]120
6[5,3,8,4,13]120
1[5,10,2,8,14]120
5[4,6,13,12,1]120
1[9,13,4,12,14]120
6[1,4,13,7,11]120
5[7,14,9,4,10]120
6[9,3,4,10,1]120
4[12,3,8,10,5]120
3[9,12,2,8,7]120
4[14,8,1,9,13]120
5[13,6,14,8,11]120
1[2,4,12,13,5]120
3[6,11,4,2,7]120
2[1,4,5,14,6]120
1[9,6,12,8,4]120
1[9,6,10,14,12]120
4[10,2,11,7,12]120
3[12,6,10,4,2]120
4[6,10,8,9,3]120
2[12,8,11,4,7]120
6[4,2,13,14,5]120
6[13,10,4,12,14]120
5[13,14,2,9,3]120
1[6,8,10,3,5]120
6[14,12,10,1,3]120
3[4,11,7,6,5]120
6[14,1,7,4,5]120
4[1,2,10,11,7]120
1[6,8,11,4,9]120
5[7,9,13,6,4]120
5[8,11,2,13,7]120
6[7,5,10,8,4]120
1[14,4,3,8,11]120
3[7,4,6,14,10]120
1[14,7,13,10,4]120
3[5,9,14,6,12]120
3[11,7,4,13,1]120
6[14,1,2,13,9]120
2[4,14,1,7,3]120
1[10,7,13,12,9]120
4[6,2,14,9,7]120
3[5,1,10,8,11]120
2[14,7,9,12,6]120
5[4,10,11,13,14]120
1[12,7,11,2,8]120
2[4,14,7,11,1]120
2[4,10,12,13,14]120
5[2,6,3,13,9]120
6[9,2,1,11,4]120
5[2,12,1,9,7]120
4[12,9,7,13,11]120
4[1,5,6,8,9]120
6[2,11,1,14,3]120
1[6,5,9,3,10]120
6[14,9,1,2,10]120
3[6,11,1,12,10]120
4[14,8,3,2,5]120
4[3,7,12,2,1]120
1[3,13,12,5,11]120
2[1,9,12,5,3]120
5[14,7,12,4,10]120
2[11,9,8,13,5]120
1[2,4,7,5,3]120
6[3,7,13,14,2]120
2[5,13,9,14,6]120
2[6,3,11,12,8]120
4[6,3,5,13,11]120
6[5,13,14,12,3]120
5[6,14,3,7,13]120
3[7,9,4,8,12]120
6[1,3,2,14,7]120
5[7,2,6,14,11]120
1[9,11,14,5,3]120
3[4,6,8,2,14]120
3[4,2,6,12,14]120
4[7,2,6,8,14]120
5[11,1,12,14,2]120
1[9,4,10,13,11]120
6[11,12,1,7,14]120
1[2,14,11,12,9]120
2[10,11,9,8,12]120
6[13,4,9,3,1]120
4[8,13,2,5,9]120
5[2,14,12,6,1]120
3[7,12,10,1,2]120
5[12,10,7,9,2]120
