4[6,7,1,12,13]40
3[2,6,12,7,13]40
1[8,13,5,9,4]40
6[9,11,12,14,1]40
3[10,6,2,14,11]40
5[2,1,8,10,4]40
5[11,4,12,9,1]40
3[1,2,7,13,10]40
5[7,6,2,9,10]40
6[7,4,11,3,9]40
4[8,7,3,12,10]40
3[9,2,4,14,10]40
6[5,1,12,13,9]40
3[11,8,1,9,5]40
5[10,8,3,6,1]40
5[9,3,4,8,12]40
5[10,1,13,9,14]40
3[12,9,6,8,14]40
4[3,8,12,7,6]40
3[8,9,1,6,7]40
4[13,11,6,8,3]40
4[2,5,12,9,3]40
3[7,11,9,4,14]40
6[10,3,13,9,14]40
1[12,8,5,14,2]40
4[8,13,1,5,11]40
1[4,5,12,8,11]40
6[3,7,9,5,14]40
4[14,11,5,8,6]40
2[6,10,8,12,11]40
3[2,7,8,13,9]40
2[1,10,12,9,11]40
3[14,2,5,10,9]40
5[10,3,11,8,2]40
2[5,13,9,7,11]40
2[6,1,14,5,4]40
2[11,1,12,8,3]40
1[11,14,9,3,12]40
2[1,5,11,6,7]40
3[10,7,5,9,14]40
2[9,1,11,13,7]40
6[4,11,13,12,8]40
2[7,13,3,10,8]40
6[8,3,5,14,1]40
5[3,11,14,8,4]40
1[14,3,11,12,5]40
5[12,1,10,13,6]40
2[5,3,11,6,4]40
4[13,5,12,6,7]40
2[14,12,7,5,6]40
1[11,5,12,9,6]40
1[9,6,3,12,8]40
1[10,3,13,7,12]40
5[4,2,6,7,11]40
3[10,8,12,2,6]40
3[10,1,13,2,7]40
2[7,10,1,9,14]40
1[5,10,4,12,3]40
4[6,9,11,1,8]40
2[9,8,11,3,12]40
4[2,8,13,10,3]40
5[9,7,4,8,13]40
3[7,13,2,11,1]40
2[12,11,13,7,1]40
4[12,1,6,5,3]40
1[14,3,2,6,7]40
2[3,11,12,9,8]40
4[2,14,13,7,3]40
5[8,6,7,13,3]40
5[1,12,8,14,10]40
6[1,10,12,2,13]40
5[11,7,3,9,2]40
4[12,13,2,8,10]40
5[14,7,8,6,11]40
3[12,2,4,13,5]40
3[4,8,5,7,2]40
6[2,8,3,14,9]40
4[5,6,3,7,8]40
5[14,1,13,6,8]40
4[8,6,7,11,1]40
6[4,9,10,8,11]40
4[8,6,5,10,9]40
4[6,14,12,1,8]40
4[1,3,10,9,13]40
1[7,13,12,3,10]40
5[13,4,3,12,8]40
5[8,2,7,6,1]40
4[10,3,8,2,12]40
4[11,7,12,8,1]40
4[7,5,11,6,13]40
5[12,9,1,4,11]40
1[3,7,10,14,2]40
3[11,5,4,2,14]40
4[6,5,11,7,12]40
3[8,6,7,14,13]40
5[8,7,14,4,12]40
1[11,10,8,2,6]40
5[11,9,13,8,2]40
1[5,9,8,7,11]40
4[13,11,1,2,8]40
3[14,4,5,1,6]40
4[14,3,6,10,8]40
5[12,10,11,3,7]40
5[7,11,1,10,6]40
3[14,6,1,11,4]40
1[10,7,13,12,9]40
5[12,11,4,6,1]40
1[3,8,7,10,14]40
1[8,14,6,7,4]40
4[8,6,5,9,12]40
6[5,12,9,2,13]40
3[13,12,14,2,4]40
1[14,13,5,11,7]40
6[10,3,5,1,8]40
5[1,3,7,4,13]40
6[1,3,8,14,11]40
1[3,11,7,12,2]40
5[10,6,14,1,9]40
2[12,3,14,10,13]40
4[14,9,8,7,1]40
5[11,6,1,12,8]40
5[13,3,6,4,2]40
1[6,13,10,8,5]40
4[5,1,12,11,9]40
2[14,11,3,5,4]40
3[1,7,2,8,6]40
1[12,2,4,3,8]40
5[13,11,14,10,12]40
6[8,9,13,1,10]40
2[1,8,4,13,3]40
6[2,13,1,14,10]40
6[12,4,1,5,2]40
2[5,12,9,7,4]40
1[2,14,13,7,12]40
6[9,14,4,8,10]40
3[10,9,5,12,14]40
6[1,11,12,2,5]40
2[8,11,5,10,14]40
5[9,3,6,11,10]40
2[6,5,1,4,13]40
2[3,5,1,9,7]40
6[3,12,5,1,2]40
5[10,11,3,9,1]40
6[9,5,1,3,4]40
5[3,2,10,6,13]40
3[10,5,9,11,12]40
4[2,14,5,10,9]40
3[2,7,14,1,8]40
4[11,10,8,13,7]40
4[10,6,1,14,13]40
4[1,6,13,8,9]40
5[1,10,6,11,4]40
1[6,7,11,10,14]40
1[6,3,10,4,11]40
6[10,7,1,12,2]40
6[1,8,2,14,12]40
3[11,2,10,1,7]40
2[8,11,9,10,7]40
2[3,8,12,11,4]40
4[2,1,9,10,13]40
2[4,7,10,11,12]40
1[12,11,10,14,8]40
2[6,10,13,3,12]40
4[10,11,6,7,2]40
3[6,8,12,2,11]40
2[3,10,11,13,8]40
3[2,7,5,11,13]40
3[7,11,12,8,10]40
6[8,2,13,11,3]40
3[12,13,14,2,6]40
3[2,1,5,4,11]40
4[7,8,13,6,9]40
3[13,9,14,4,7]40
5[11,10,14,12,4]40
4[9,14,2,10,12]40
4[14,1,2,6,7]40
1[2,3,10,12,9]40
3[10,5,7,1,9]40
5[1,14,12,6,13]40
6[5,3,10,12,8]40
6[9,7,8,4,5]40
4[14,5,8,2,7]40
6[2,13,9,7,11]40
3[8,4,9,12,5]40
5[8,3,2,14,13]40
5[1,14,4,9,10]40
4[9,8,12,3,11]40
3[9,1,14,8,4]40
3[8,14,9,11,2]40
3[12,5,11,13,7]40
2[6,14,5,11,13]40
3[8,9,11,12,13]40
2[8,11,10,12,4]40
4[3,8,11,9,12]40
5[7,9,6,13,3]40
6[10,11,9,14,5]40
5[8,4,14,11,9]40
5[9,8,10,4,1]40
2[12,11,10,9,5]40
4[2,3,5,7,8]40
3[10,14,11,13,4]40
1[12,6,10,13,9]40
5[11,10,6,2,7]40
2[13,4,14,10,3]40
4[10,2,8,9,7]40
3[9,14,10,11,13]40
1[3,2,4,14,11]40
2[8,1,3,14,12]40
2[4,8,11,10,12]40
4[12,14,13,3,6]40
4[12,6,7,10,1]40
4[12,1,10,8,3]40
1[9,10,13,4,5]40
1[5,9,4,12,14]40
6[9,13,2,14,1]40
1[9,3,6,14,2]40
3[4,2,10,1,5]40
3[4,7,11,8,10]40
4[10,2,6,14,13]40
1[7,9,5,2,4]40
4[11,7,14,9,3]40
6[4,9,10,7,3]40
6[10,3,7,8,12]40
5[13,4,6,10,12]40
4[7,3,6,1,13]40
6[8,5,13,3,12]40
6[14,7,4,10,3]40
4[7,10,5,6,13]40
1[14,8,11,4,5]40
3[4,7,1,10,2]40
5[2,11,14,1,3]40
6[8,13,5,9,7]40
1[8,10,3,5,9]40
6[13,2,3,10,11]40
3[11,7,2,14,9]40
5[12,8,2,13,1]40
5[1,11,13,6,8]40
4[14,8,13,2,5]40
5[2,4,6,13,7]40
6[3,14,2,12,13]40
6[12,14,4,7,13]40
2[14,7,9,10,5]40
6[3,4,5,7,1]40
1[10,3,6,13,2]40
6[5,10,3,9,8]40
4[11,6,3,2,8]40
4[8,10,6,1,11]40
6[11,9,7,1,8]40
3[12,11,6,8,10]40
5[12,11,7,9,2]40
4[13,10,6,2,11]40
1[7,2,11,8,6]40
6[10,2,8,9,14]40
2[13,10,8,14,11]40
4[2,6,1,3,9]40
4[6,11,7,3,5]40
4[11,6,7,3,1]40
3[14,8,6,13,2]40
5[6,9,12,7,3]40
6[4,13,3,9,12]40
4[8,9,1,3,14]40
4[13,12,14,3,6]40
4[2,7,1,14,5]40
4[5,8,13,9,11]40
5[1,14,4,13,8]40
1[4,8,6,7,14]40
1[14,9,13,5,10]40
5[1,12,9,14,7]40
1[4,11,5,9,13]40
3[7,14,6,2,5]40
3[12,2,8,13,1]40
4[10,8,3,5,6]40
6[10,13,12,8,4]40
2[3,10,5,11,4]40
1[6,4,3,7,8]40
6[7,8,2,9,3]40
6[9,4,3,10,11]40
4[1,5,2,14,11]40
3[8,9,6,10,12]40
4[5,7,8,9,11]40
1[3,13,9,4,10]40
2[12,6,7,8,13]40
1[12,3,8,10,13]40
3[9,2,13,1,5]40
6[14,8,4,1,2]40
1[4,8,12,9,6]40
4[14,2,9,12,8]40
6[12,1,8,7,11]40
3[12,1,7,14,10]40
3[12,1,4,9,13]40
4[10,6,7,2,13]40
5[4,1,9,2,12]40
3[10,14,7,5,8]40
3[5,6,10,14,8]40
1[12,3,2,10,5]40
3[2,1,12,13,4]40
6[14,7,9,4,5]40
3[7,6,1,14,5]40
5[7,3,14,1,6]40
6[12,1,13,10,7]40
