6[23,22,21,11,14]40
1[12,15,24,7,9]40
2[16,20,10,19,13]40
4[10,9,13,3,2]40
5[10,22,7,23,3]40
6[16,11,12,13,1]40
6[12,9,4,5,8]40
3[21,9,4,2,22]40
6[16,7,11,3,2]40
4[3,14,22,12,24]40
5[24,16,18,10,13]40
5[20,16,12,8,23]40
3[15,19,24,8,22]40
4[8,7,3,9,10]40
1[20,18,7,14,16]40
1[11,10,6,22,16]40
3[14,7,18,17,16]40
2[13,1,22,21,10]40
6[9,7,21,5,20]40
1[12,5,16,22,3]40
5[21,11,12,19,14]40
4[5,8,23,14,15]40
4[14,21,9,10,1]40
2[23,15,4,17,12]40
6[10,2,18,3,11]40
3[16,8,13,18,5]40
1[2,21,20,13,17]40
1[23,12,18,19,16]40
3[18,20,10,17,1]40
1[11,4,19,12,17]40
2[21,11,6,23,12]40
1[18,24,7,11,21]40
1[14,11,8,15,7]40
2[17,11,18,20,12]40
3[7,22,17,23,21]40
3[16,17,21,11,5]40
4[17,15,1,6,14]40
5[6,15,1,23,10]40
1[18,16,17,11,15]40
2[19,14,22,23,24]40
3[8,21,7,23,20]40
4[5,19,6,3,17]40
3[24,1,11,5,7]40
6[7,18,4,8,15]40
6[7,5,4,2,24]40
6[3,21,11,19,20]40
3[5,18,13,2,4]40
4[16,11,2,5,6]40
3[6,9,14,22,11]40
5[22,13,15,2,18]40
