5[11,1,13,2,3]120
1[4,10,7,14,3]120
2[8,11,10,12,13]120
4[1,9,14,5,8]120
3[7,8,6,4,14]120
4[13,1,3,14,10]120
4[7,8,2,11,12]120
1[2,11,12,10,4]120
1[13,12,7,3,2]120
6[3,14,5,7,13]120
3[9,7,8,13,1]120
4[11,3,12,1,5]120
6[8,1,4,3,7]120
5[3,11,9,14,1]120
2[14,9,1,12,11]120
1[2,3,7,13,14]120
5[12,6,4,13,8]120
2[11,7,14,9,4]120
5[14,1,9,6,13]120
3[7,8,4,1,13]120
1[3,2,5,12,13]120
6[3,5,7,14,11]120
6[7,5,3,14,9]120
3[13,11,5,14,9]120
4[13,5,11,12,10]120
3[5,8,2,12,13]120
3[14,10,12,6,11]120
2[11,4,1,6,10]120
6[11,5,12,14,9]120
4[10,7,5,8,2]120
1[10,6,9,8,2]120
1[7,3,6,9,8]120
6[13,5,8,1,10]120
2[4,11,12,3,1]120
6[3,7,5,1,14]120
6[1,2,8,4,10]120
1[5,10,2,4,9]120
2[12,7,9,4,10]120
4[13,7,10,2,14]120
2[5,7,12,4,1]120
3[2,8,7,14,5]120
5[10,4,3,1,12]120
4[7,5,14,6,8]120
6[10,3,12,5,8]120
1[2,14,11,9,12]120
2[8,9,5,14,13]120
2[1,6,3,11,14]120
3[7,1,9,14,6]120
6[4,3,12,13,5]120
2[12,6,1,11,10]120
