5[1,9,17,14,8]120
1[6,12,17,13,7]120
2[24,12,6,21,5]120
4[15,6,24,3,23]120
3[15,20,9,4,23]120
4[2,11,7,14,13]120
4[2,10,15,21,12]120
1[24,2,10,11,16]120
1[22,18,11,14,15]120
6[18,2,24,16,21]120
3[23,5,12,22,13]120
4[15,14,19,12,21]120
6[22,10,18,14,4]120
5[1,15,18,24,7]120
2[13,14,16,23,17]120
1[2,13,21,11,20]120
5[12,15,20,23,8]120
2[1,24,10,20,13]120
5[20,6,4,17,19]120
3[5,16,24,1,21]120
1[15,8,13,10,9]120
6[13,2,16,12,18]120
6[7,9,14,13,23]120
3[18,13,2,12,15]120
4[15,5,8,23,24]120
3[19,13,9,10,14]120
3[19,4,14,18,7]120
2[23,20,17,14,8]120
6[13,8,9,14,7]120
4[13,7,9,6,24]120
1[23,12,20,18,8]120
1[9,18,10,6,24]120
6[1,7,16,14,11]120
2[22,1,7,15,9]120
6[11,15,2,1,9]120
6[4,13,16,2,12]120
1[20,13,9,3,21]120
2[11,24,20,4,19]120
4[5,10,3,16,8]120
2[21,1,3,6,16]120
3[4,18,11,13,8]120
5[10,20,16,1,18]120
4[13,2,22,17,21]120
6[14,17,20,16,22]120
1[12,24,8,9,23]120
2[24,1,22,23,19]120
2[15,22,16,20,1]120
3[19,6,9,13,5]120
6[24,14,7,22,8]120
2[17,8,4,22,1]120
