5[11,4,7,2,1]120
1[11,6,2,10,4]120
2[7,8,9,11,6]120
4[8,1,5,9,3]120
3[4,11,8,9,10]120
4[5,6,9,11,7]120
4[10,7,8,9,5]120
1[5,8,7,10,3]120
1[9,3,5,10,7]120
6[2,8,11,3,10]120
3[5,11,6,9,7]120
4[11,7,2,10,8]120
6[4,9,1,7,5]120
5[2,8,1,10,3]120
2[5,3,9,7,4]120
1[4,2,7,9,11]120
5[3,10,11,7,2]120
2[8,4,11,9,10]120
5[6,9,10,8,3]120
3[4,8,5,1,10]120
1[5,2,9,10,8]120
6[2,9,8,1,3]120
6[8,10,9,2,3]120
3[6,9,7,4,1]120
4[5,9,2,10,8]120
3[5,11,10,4,2]120
3[8,7,11,10,6]120
2[4,8,10,6,11]120
6[9,2,4,3,8]120
4[3,5,2,8,10]120
1[4,10,11,9,2]120
1[3,10,9,7,6]120
6[7,2,11,3,10]120
2[6,8,11,1,7]120
6[9,5,4,10,3]120
6[1,5,7,4,10]120
1[2,7,10,6,9]120
2[4,8,7,9,5]120
4[1,5,2,9,11]120
2[7,6,3,1,4]120
3[10,7,1,11,9]120
5[2,6,9,3,8]120
4[3,1,5,10,8]120
6[2,8,3,1,10]120
1[11,10,3,2,8]120
2[8,1,9,4,6]120
2[11,1,10,6,5]120
3[10,5,7,8,1]120
6[10,3,5,1,11]120
2[5,10,3,6,1]120
