6[9,10,5,4,8]40
1[10,9,2,3,11]40
2[9,10,5,11,4]40
4[8,1,7,6,9]40
5[3,9,7,11,10]40
6[8,3,4,1,10]40
6[11,9,8,4,5]40
3[5,9,1,2,6]40
6[10,7,5,1,8]40
4[11,3,8,9,7]40
5[7,8,3,2,10]40
5[3,7,1,11,8]40
3[11,9,8,7,5]40
4[10,1,11,7,8]40
1[2,10,3,5,9]40
1[11,4,6,2,9]40
3[4,9,8,6,11]40
2[10,8,4,9,5]40
6[8,11,2,4,9]40
1[11,4,8,3,2]40
5[1,11,7,8,10]40
4[6,11,7,2,9]40
4[6,10,9,11,8]40
2[9,6,11,8,5]40
6[11,9,8,2,1]40
3[8,4,10,9,5]40
1[3,9,11,4,10]40
1[9,4,6,3,8]40
3[1,7,8,4,10]40
1[3,9,11,8,7]40
2[6,11,10,1,5]40
1[10,3,6,8,4]40
1[5,8,9,4,11]40
2[6,11,1,3,8]40
3[11,6,7,10,5]40
3[10,5,2,6,7]40
4[7,9,11,5,6]40
5[4,8,1,9,2]40
1[8,4,3,7,6]40
2[9,8,10,4,7]40
3[11,2,4,10,9]40
4[10,6,11,7,1]40
3[7,9,10,1,5]40
6[4,10,9,3,1]40
6[10,11,4,7,9]40
6[8,2,9,1,5]40
3[1,9,8,7,2]40
4[11,1,10,7,3]40
3[7,10,4,2,8]40
5[3,4,6,8,11]40
