6[3,4,2]40
6[5,3,1]40
5[6,2,4]40
2[4,3,6]40
2[4,6,1]40
4[6,3,1]40
5[3,2,6]40
3[1,6,2]40
6[4,2,3]40
6[5,4,1]40
6[2,4,1]40
4[6,2,3]40
6[4,5,3]40
5[3,2,4]40
6[2,3,4]40
5[1,4,2]40
1[3,2,6]40
5[4,3,1]40
3[6,4,5]40
1[3,4,6]40
4[5,1,3]40
1[2,5,6]40
6[4,1,2]40
3[5,2,4]40
3[4,2,6]40
4[1,6,2]40
1[2,4,6]40
6[2,3,5]40
3[4,5,1]40
6[4,2,1]40
5[1,3,2]40
6[3,5,2]40
6[3,4,2]40
4[6,3,2]40
4[2,6,1]40
2[4,3,1]40
6[5,2,4]40
6[4,3,2]40
3[1,4,6]40
1[3,5,6]40
5[6,1,4]40
3[5,6,1]40
3[1,6,5]40
3[1,2,4]40
1[6,2,4]40
2[6,3,4]40
1[5,2,6]40
2[4,1,5]40
1[5,6,2]40
1[4,3,5]40
