6[9,13,2,14,3]40
1[6,13,2,9,5]40
2[7,3,11,9,14]40
4[3,6,11,5,1]40
5[8,12,7,13,9]40
6[4,14,13,12,7]40
6[1,10,8,5,12]40
3[6,12,1,4,13]40
6[5,14,2,4,11]40
4[3,14,9,13,7]40
5[8,3,9,13,2]40
5[13,6,14,9,1]40
3[10,13,7,9,11]40
4[14,11,8,6,2]40
1[12,13,8,3,4]40
1[6,4,8,12,3]40
3[4,12,11,6,5]40
2[7,1,12,11,5]40
6[1,8,4,9,3]40
1[7,8,12,11,10]40
5[6,8,3,10,14]40
4[1,14,10,2,12]40
4[2,13,12,10,8]40
2[3,4,1,8,12]40
6[5,2,3,4,9]40
3[14,4,9,6,13]40
1[2,9,8,3,11]40
1[12,10,6,8,2]40
3[2,10,6,8,9]40
1[12,2,3,13,8]40
2[4,8,12,13,5]40
1[7,10,8,13,12]40
1[8,14,3,2,6]40
2[13,7,6,9,1]40
3[12,9,11,13,1]40
3[12,1,8,14,9]40
4[12,11,14,5,6]40
5[1,11,14,12,6]40
1[12,4,5,14,13]40
2[1,3,9,13,12]40
3[14,12,2,11,13]40
4[10,6,8,3,12]40
3[11,1,12,5,14]40
6[3,2,4,9,8]40
6[7,3,10,2,5]40
6[8,5,3,10,4]40
3[2,6,11,4,1]40
4[1,6,2,7,5]40
3[4,7,14,11,10]40
5[7,8,13,2,14]40
