6[2,3,11,7,1]80
5[3,6,10,2,11]80
5[2,3,4,9,1]80
1[7,4,6,5,3]80
2[11,6,1,10,7]80
1[10,5,11,6,3]80
2[4,11,5,8,6]80
3[11,1,8,9,4]80
3[7,2,10,4,9]80
3[7,5,10,6,8]80
6[8,9,10,4,2]80
5[11,10,7,1,2]80
1[5,9,7,11,2]80
4[8,1,7,10,6]80
2[7,11,1,3,10]80
5[4,1,10,9,3]80
3[11,6,4,10,9]80
1[3,8,7,6,10]80
2[7,5,6,10,3]80
2[5,11,7,6,8]80
5[4,7,2,10,8]80
1[5,11,10,4,3]80
6[10,1,5,7,4]80
6[11,4,5,1,10]80
2[5,3,6,9,11]80
1[10,2,4,9,8]80
5[2,9,3,1,10]80
3[9,5,11,10,7]80
4[6,1,10,11,7]80
1[8,9,2,6,11]80
4[11,5,3,6,7]80
3[10,5,4,11,2]80
1[6,7,9,11,4]80
2[10,4,3,7,6]80
1[9,6,10,3,7]80
3[5,11,6,4,9]80
4[3,10,5,8,9]80
4[10,1,8,3,9]80
2[6,1,7,8,4]80
4[7,8,6,5,3]80
5[4,3,7,1,11]80
1[7,3,10,6,4]80
5[8,1,3,7,9]80
2[6,11,3,5,1]80
5[4,11,7,1,6]80
4[6,10,7,3,9]80
2[6,8,10,11,3]80
3[4,11,9,7,1]80
3[6,7,4,9,5]80
3[4,9,8,5,7]80
