6[7,13,8,14,10]80
5[14,1,8,2,10]80
5[1,13,4,3,2]80
1[2,14,12,3,11]80
2[4,13,7,8,11]80
1[10,2,7,8,13]80
2[13,4,11,9,8]80
3[12,11,2,10,4]80
3[14,2,1,11,12]80
3[4,9,1,6,12]80
6[12,8,11,9,5]80
5[3,8,10,7,6]80
1[4,12,8,11,10]80
4[2,6,14,5,11]80
2[3,14,4,5,13]80
5[10,8,4,11,2]80
3[6,7,5,14,13]80
1[3,8,11,6,9]80
2[14,1,4,13,8]80
2[9,14,11,13,8]80
5[13,6,1,3,8]80
1[14,7,2,3,5]80
6[8,1,7,3,5]80
6[13,11,1,4,9]80
2[8,13,1,10,9]80
1[4,6,2,3,7]80
5[14,1,4,11,8]80
3[7,9,6,8,13]80
4[6,1,10,8,7]80
1[7,5,2,13,6]80
4[12,5,9,1,14]80
3[7,9,5,6,10]80
1[4,3,6,10,14]80
2[13,10,11,1,5]80
1[3,7,13,10,6]80
3[10,11,9,2,4]80
4[2,10,11,9,13]80
4[8,12,2,5,13]80
2[1,3,4,7,10]80
4[10,11,13,6,3]80
5[11,7,9,13,14]80
1[2,13,11,8,7]80
5[11,4,9,8,6]80
2[8,11,6,14,5]80
5[11,10,6,2,4]80
4[6,13,8,7,12]80
2[10,4,1,3,13]80
3[4,8,1,2,12]80
3[10,6,5,11,9]80
3[13,11,6,2,10]80
