6[16,12,7,24,15]80
5[2,1,21,14,22]80
5[11,13,7,2,18]80
1[12,18,19,13,11]80
2[5,17,22,7,21]80
1[14,17,2,7,4]80
2[11,23,12,8,17]80
3[16,18,12,22,5]80
3[4,20,12,22,23]80
3[19,21,24,4,11]80
6[4,9,11,21,12]80
5[1,14,20,18,16]80
1[11,24,4,21,12]80
4[2,3,14,17,20]80
2[1,12,3,5,18]80
5[17,14,9,8,21]80
3[12,6,14,24,1]80
1[2,6,12,7,20]80
2[8,15,13,12,1]80
2[17,7,21,12,16]80
5[2,1,23,15,19]80
1[4,20,17,13,22]80
6[15,5,8,2,10]80
6[12,9,13,17,24]80
2[12,13,11,21,9]80
1[12,20,21,13,24]80
5[11,8,12,22,7]80
3[18,6,21,17,13]80
4[7,23,6,18,17]80
1[6,5,7,13,16]80
4[7,5,8,1,9]80
3[12,4,11,18,9]80
1[9,3,10,20,18]80
2[8,21,5,1,4]80
1[17,8,21,20,9]80
3[13,1,8,16,7]80
4[14,22,15,20,19]80
4[8,22,12,3,6]80
2[16,21,18,4,20]80
4[17,1,5,8,3]80
5[9,24,4,12,3]80
1[18,12,13,20,16]80
5[1,8,14,9,24]80
2[7,1,12,14,9]80
5[11,6,23,2,17]80
4[3,7,15,19,17]80
2[4,1,6,3,23]80
3[1,18,15,2,16]80
3[6,15,13,21,4]80
3[2,18,8,4,11]80
