4[9,1,2,6,7]160
3[5,6,9,4,7]160
5[9,7,10,2,4]160
4[11,8,3,1,9]160
1[8,7,10,3,2]160
5[7,10,3,2,4]160
4[11,5,10,6,7]160
1[5,6,10,2,4]160
3[7,2,11,1,6]160
4[9,1,6,10,7]160
1[8,2,3,5,7]160
6[9,7,4,10,3]160
3[2,9,1,11,8]160
1[2,4,10,7,9]160
5[10,3,7,2,6]160
2[4,6,9,7,8]160
2[8,5,11,4,10]160
6[9,11,2,1,10]160
4[11,9,8,6,7]160
3[5,7,2,8,1]160
6[2,9,11,7,10]160
2[10,3,6,7,8]160
2[9,5,6,10,7]160
4[9,11,6,8,3]160
4[1,6,3,11,5]160
2[1,7,5,11,4]160
3[8,2,7,4,10]160
2[1,11,4,7,6]160
3[7,4,11,5,6]160
4[10,8,6,2,3]160
2[1,11,10,9,3]160
4[2,8,10,6,3]160
5[10,9,2,6,4]160
5[9,1,2,4,6]160
6[2,8,7,1,11]160
6[4,5,9,1,11]160
2[11,5,3,4,7]160
5[1,3,8,7,10]160
3[8,1,5,11,4]160
4[6,2,9,7,5]160
6[9,11,2,7,10]160
2[4,7,11,3,9]160
5[7,11,3,1,4]160
1[5,2,4,3,6]160
1[11,10,4,9,2]160
3[8,7,10,1,2]160
4[10,7,2,3,11]160
6[9,10,7,5,1]160
2[1,8,9,11,3]160
5[8,4,2,6,1]160
