4[8,5,7,9,14]160
3[7,9,5,1,11]160
5[7,14,2,4,6]160
4[9,12,13,3,2]160
1[12,7,4,13,6]160
5[1,10,3,11,8]160
4[7,12,3,11,10]160
1[8,12,13,14,3]160
3[8,2,7,11,14]160
4[7,12,9,11,1]160
1[9,8,6,14,4]160
6[3,14,1,9,13]160
3[2,6,5,1,10]160
1[8,6,10,3,9]160
5[2,11,1,14,9]160
2[13,11,9,5,6]160
2[8,9,6,3,11]160
6[4,11,1,10,5]160
4[14,9,1,12,3]160
3[9,13,14,8,5]160
6[8,1,7,10,4]160
2[12,3,7,13,10]160
2[11,12,10,5,1]160
4[3,14,7,11,5]160
4[9,12,6,10,2]160
2[3,10,12,4,13]160
3[14,2,10,11,4]160
2[12,4,6,3,14]160
3[10,4,14,11,5]160
4[14,11,3,9,7]160
2[11,14,12,5,9]160
4[9,7,13,14,11]160
5[11,6,14,4,3]160
5[7,4,13,8,12]160
6[8,11,7,4,10]160
6[11,12,7,3,14]160
2[14,11,6,9,8]160
5[12,13,3,7,8]160
3[5,12,8,4,9]160
4[11,13,14,12,3]160
6[9,14,3,2,13]160
2[8,3,13,14,11]160
5[10,14,13,1,7]160
1[10,2,9,11,12]160
1[6,4,14,10,11]160
3[5,11,2,1,8]160
4[11,3,13,6,5]160
6[10,13,7,11,9]160
2[1,8,3,14,7]160
5[6,4,8,13,11]160
