4[24,11,23,17,3]160
3[17,12,15,1,19]160
5[8,18,9,3,1]160
4[24,23,8,15,9]160
1[12,3,5,13,24]160
5[16,18,19,8,23]160
4[14,2,24,10,12]160
1[22,19,16,24,17]160
3[8,24,2,10,14]160
4[22,2,3,21,18]160
1[6,4,14,24,11]160
6[15,22,12,7,4]160
3[5,20,11,1,8]160
1[17,19,21,13,6]160
5[23,3,24,22,7]160
2[22,19,8,5,15]160
2[23,4,3,15,7]160
6[4,11,21,20,24]160
4[7,24,20,22,12]160
3[6,13,8,10,14]160
6[19,10,11,7,22]160
2[18,24,13,10,8]160
2[21,9,13,17,4]160
4[8,16,14,10,2]160
4[12,14,17,21,24]160
2[18,5,21,14,10]160
3[16,22,23,9,15]160
2[17,6,20,14,19]160
3[7,13,22,21,18]160
4[1,10,23,9,11]160
2[1,18,19,16,20]160
4[13,7,24,23,5]160
5[14,10,2,6,22]160
5[13,11,16,6,1]160
6[9,23,8,17,4]160
6[5,22,21,15,3]160
2[23,13,5,20,7]160
5[7,15,16,19,6]160
3[18,5,7,16,15]160
4[19,23,10,12,11]160
6[4,24,8,2,18]160
2[15,18,4,12,21]160
5[21,13,15,12,10]160
1[19,2,4,10,8]160
1[8,13,15,21,23]160
3[23,16,7,1,20]160
4[7,11,22,5,3]160
6[5,15,12,22,16]160
2[22,5,24,23,11]160
5[13,11,6,23,7]160
