2[1,23,18,7,17]120
2[9,5,20,13,4]80
2[13,6,16,9,1]40
3[4,21,23,16,20]120
6[10,14,1,13,21]120
4[2,10,15,21,12]80
4[6,11,16,5,19]40
5[14,24,11,7,15]160
6[11,18,10,4,7]160
5[9,2,3,11,20]160
5[13,20,8,21,7]120
5[1,15,18,24,7]120
6[7,14,21,22,15]80
1[21,14,4,11,20]120
2[10,5,3,21,17]40
5[6,1,14,17,21]160
3[22,23,10,13,12]80
1[15,8,13,10,9]40
4[19,5,17,21,2]80
5[12,9,17,3,14]120
5[14,19,22,4,24]80
5[7,13,12,8,17]80
2[19,18,7,20,21]160
2[23,20,17,14,8]40
6[3,11,12,10,17]160
6[23,10,13,5,16]40
6[15,1,12,16,19]40
1[22,11,13,2,7]120
6[1,19,4,15,23]120
6[11,15,2,1,9]80
5[7,18,12,1,6]160
2[1,12,10,11,21]120
3[13,12,11,1,9]80
4[14,13,12,1,22]40
1[2,21,24,19,12]120
5[10,20,16,1,18]80
3[24,23,14,2,21]80
3[22,21,6,1,24]80
4[18,10,23,20,15]160
6[23,15,24,4,11]80
3[17,12,22,10,23]40
6[24,14,7,22,8]40
4[8,14,3,15,2]80
2[16,24,14,4,22]40
2[3,16,11,6,18]120
1[13,24,23,12,11]120
2[4,13,5,7,10]40
2[15,6,7,9,13]40
6[20,7,18,24,13]80
1[4,2,24,7,13]40
