0, 3000, 0, 0, 0, 1000, 0, 0, 0, 0, 0, 0, 0, 0, 0, 0, 0, 0, 0, 0, 0, 0, 0, 0, 
3000, 0, 1100, 0, 0, 3700, 0, 0, 0, 0, 0, 0, 0, 0, 0, 0, 0, 0, 0, 0, 0, 0, 0, 0, 
0, 1100, 0, 1500, 3000, 0, 1000, 0, 0, 0, 0, 0, 0, 0, 0, 0, 0, 0, 0, 0, 0, 0, 0, 0, 
0, 0, 1500, 0, 3000, 0, 3500, 0, 0, 0, 0, 0, 0, 0, 0, 0, 0, 0, 0, 0, 0, 0, 0, 0, 
0, 0, 3000, 3000, 0, 0, 0, 1200, 0, 0, 0, 0, 0, 0, 0, 0, 0, 0, 0, 0, 0, 0, 0, 0, 
1000, 3700, 0, 0, 0, 0, 1000, 0, 1200, 0, 1900, 0, 0, 0, 0, 0, 0, 0, 0, 0, 0, 0, 0, 0, 
0, 0, 1000, 3500, 0, 1000, 0, 1150, 1000, 0, 0, 0, 0, 0, 0, 0, 0, 0, 0, 0, 0, 0, 0, 0, 
0, 0, 0, 0, 1200, 0, 1150, 0, 0, 3800, 0, 0, 0, 0, 0, 0, 0, 0, 0, 0, 0, 0, 0, 0, 
0, 0, 0, 0, 0, 1200, 1000, 0, 0, 1000, 1400, 1000, 0, 0, 0, 0, 0, 0, 0, 0, 0, 0, 0, 0, 
0, 0, 0, 0, 0, 0, 0, 3800, 1000, 0, 0, 0, 3700, 3500, 0, 0, 0, 0, 0, 0, 0, 0, 0, 0, 
0, 0, 0, 0, 0, 1900, 0, 0, 1400, 0, 0, 3800, 0, 0, 1300, 0, 0, 0, 2600, 0, 0, 0, 0, 0, 
0, 0, 0, 0, 0, 0, 0, 0, 1000, 0, 3800, 0, 3800, 0, 0, 1000, 0, 0, 0, 0, 0, 0, 0, 0, 
0, 0, 0, 0, 0, 0, 0, 0, 0, 3700, 0, 3800, 0, 2500, 0, 0, 1100, 0, 0, 0, 0, 0, 0, 0, 
0, 0, 0, 0, 0, 0, 0, 0, 0, 3500, 0, 0, 2500, 0, 0, 0, 0, 1200, 0, 0, 0, 0, 0, 0, 
0, 0, 0, 0, 0, 0, 0, 0, 0, 0, 1300, 0, 0, 0, 0, 0, 0, 0, 0, 1300, 0, 0, 0, 0, 
0, 0, 0, 0, 0, 0, 0, 0, 0, 0, 0, 1000, 0, 0, 0, 0, 1000, 0, 0, 0, 1000, 3000, 0, 0, 
0, 0, 0, 0, 0, 0, 0, 0, 0, 0, 0, 0, 1100, 0, 0, 1000, 0, 3000, 0, 0, 0, 3500, 1000, 0, 
0, 0, 0, 0, 0, 0, 0, 0, 0, 0, 0, 0, 0, 1200, 0, 0, 3000, 0, 0, 0, 0, 0, 0, 3800, 
0, 0, 0, 0, 0, 0, 0, 0, 0, 0, 2600, 0, 0, 0, 0, 0, 0, 0, 0, 1200, 0, 0, 0, 0, 
0, 0, 0, 0, 0, 0, 0, 0, 0, 0, 0, 0, 0, 0, 1300, 0, 0, 0, 1200, 0, 3800, 0, 0, 0, 
0, 0, 0, 0, 0, 0, 0, 0, 0, 0, 0, 0, 0, 0, 0, 1000, 0, 0, 0, 3800, 0, 2000, 0, 0, 
0, 0, 0, 0, 0, 0, 0, 0, 0, 0, 0, 0, 0, 0, 0, 3000, 3500, 0, 0, 0, 2000, 0, 2200, 0, 
0, 0, 0, 0, 0, 0, 0, 0, 0, 0, 0, 0, 0, 0, 0, 0, 1000, 0, 0, 0, 0, 2200, 0, 3800, 
0, 0, 0, 0, 0, 0, 0, 0, 0, 0, 0, 0, 0, 0, 0, 0, 0, 3800, 0, 0, 0, 0, 3800, 0, 