[9, [11, 17, 23, 20, 2], 80]
[3, [8, 11, 4, 2, 16], 40]
[8, [22, 3, 4, 18, 15], 40]
[3, [21, 22, 14, 10, 2], 120]
[6, [22, 9, 17, 7, 14], 80]
[12, [14, 5, 17, 8, 3], 160]
[19, [9, 2, 16, 10, 23], 40]
[4, [14, 1, 5, 10, 16], 120]
[4, [20, 8, 16, 22, 3], 40]
[19, [15, 13, 12, 21, 7], 160]
[3, [12, 23, 5, 6, 21], 160]
[21, [23, 10, 1, 22, 12], 160]
[10, [18, 20, 11, 7, 21], 160]
[9, [11, 6, 10, 23, 7], 160]
[4, [11, 22, 5, 2, 14], 40]
[6, [1, 19, 7, 8, 23], 40]
[14, [12, 13, 4, 15, 17], 40]
[24, [19, 13, 11, 4, 2], 80]
[2, [6, 15, 10, 17, 18], 80]
[14, [4, 11, 6, 8, 10], 160]
[20, [7, 4, 3, 22, 21], 80]
[15, [20, 5, 1, 21, 2], 120]
[18, [16, 4, 22, 20, 19], 120]
[4, [5, 16, 8, 11, 7], 120]
[1, [12, 8, 5, 7, 23], 40]
[14, [4, 18, 12, 21, 2], 160]
[22, [23, 21, 4, 16, 13], 160]
[15, [10, 17, 9, 19, 11], 120]
[9, [20, 5, 21, 7, 11], 40]
[3, [12, 4, 16, 5, 18], 40]
[9, [22, 5, 13, 20, 18], 80]
[2, [7, 18, 16, 20, 5], 80]
[16, [9, 11, 20, 2, 10], 120]
[23, [2, 8, 18, 16, 6], 120]
[7, [17, 4, 6, 9, 12], 80]
[16, [2, 13, 14, 21, 9], 40]
[22, [20, 16, 14, 12, 1], 80]
[12, [3, 20, 2, 13, 10], 120]
[12, [17, 20, 2, 19, 16], 40]
[20, [17, 19, 2, 3, 15], 160]
[3, [9, 5, 7, 8, 15], 120]
[3, [4, 18, 20, 1, 5], 80]
[13, [14, 1, 6, 15, 4], 160]
[16, [7, 17, 2, 11, 13], 160]
[19, [22, 2, 5, 11, 13], 80]
[18, [20, 10, 17, 6, 23], 80]
[18, [15, 5, 2, 22, 17], 120]
[12, [21, 8, 22, 18, 10], 120]
[20, [19, 12, 6, 21, 3], 80]
[8, [3, 22, 2, 12, 18], 160]
[18, [8, 14, 4, 16, 21], 40]
[13, [4, 23, 7, 10, 12], 80]
[6, [9, 7, 17, 23, 15], 160]
[4, [5, 17, 11, 20, 18], 80]
[16, [6, 14, 17, 22, 2], 80]
[24, [2, 10, 6, 4, 7], 40]
[2, [12, 21, 19, 6, 16], 40]
[12, [4, 16, 22, 19, 2], 40]
[9, [18, 15, 21, 23, 5], 40]
[14, [21, 2, 10, 11, 5], 40]
[6, [22, 9, 19, 11, 16], 160]
[22, [5, 21, 4, 15, 23], 80]
[13, [1, 23, 17, 14, 20], 120]
[19, [13, 12, 1, 14, 8], 120]
[2, [23, 14, 18, 12, 21], 80]
[4, [23, 1, 18, 3, 7], 40]
[13, [22, 5, 18, 21, 9], 40]
[8, [23, 6, 17, 20, 1], 120]
[21, [18, 14, 10, 6, 19], 40]
[21, [18, 10, 19, 5, 7], 80]
[24, [19, 21, 13, 3, 5], 160]
[19, [22, 6, 17, 9, 23], 160]
[12, [8, 7, 5, 1, 2], 160]
[12, [22, 3, 16, 21, 11], 40]
[14, [19, 16, 2, 22, 10], 160]
[18, [21, 13, 4, 8, 15], 160]
[24, [7, 17, 22, 2, 21], 160]
[4, [13, 2, 9, 11, 3], 160]
[16, [15, 11, 10, 19, 23], 160]
[2, [18, 3, 19, 6, 23], 40]
[1, [8, 13, 2, 7, 21], 40]
[6, [13, 9, 1, 20, 7], 160]
[6, [4, 11, 15, 12, 7], 40]
[1, [2, 3, 5, 20, 6], 160]
[24, [19, 2, 17, 20, 13], 160]
[16, [10, 21, 1, 7, 3], 80]
[14, [17, 16, 22, 8, 6], 80]
[10, [12, 8, 21, 20, 23], 160]
[18, [17, 2, 3, 12, 5], 120]
[13, [14, 17, 9, 5, 8], 40]
[13, [14, 23, 11, 17, 15], 160]
[18, [15, 7, 20, 12, 13], 40]
[14, [5, 17, 20, 10, 3], 120]
[9, [22, 20, 6, 4, 8], 120]
[20, [8, 22, 17, 4, 1], 160]
[22, [5, 3, 8, 11, 1], 160]
[4, [20, 17, 22, 12, 21], 40]
[5, [11, 23, 8, 4, 3], 120]
[11, [4, 17, 21, 10, 19], 160]
[13, [11, 22, 1, 12, 4], 40]
[20, [14, 18, 16, 22, 12], 160]
[12, [9, 13, 14, 6, 21], 120]
[23, [1, 6, 17, 16, 4], 40]
[19, [2, 17, 13, 8, 15], 80]
[8, [9, 7, 21, 1, 12], 160]
[7, [2, 9, 3, 13, 1], 160]
[21, [7, 3, 10, 19, 9], 120]
[24, [18, 4, 20, 14, 5], 160]
[6, [23, 10, 4, 7, 5], 120]
[2, [19, 22, 7, 5, 16], 120]
[21, [11, 9, 13, 12, 1], 80]
[18, [6, 23, 10, 15, 9], 80]
[12, [5, 19, 14, 11, 3], 160]
[12, [8, 17, 18, 3, 15], 80]
[21, [18, 17, 14, 23, 19], 40]
[20, [14, 16, 5, 2, 6], 120]
[15, [11, 22, 23, 16, 18], 80]
[4, [8, 18, 15, 1, 6], 80]
[17, [10, 5, 19, 2, 4], 160]
[11, [18, 3, 9, 8, 1], 80]
[15, [1, 4, 5, 13, 10], 160]
[21, [1, 19, 23, 7, 2], 120]
[2, [7, 14, 1, 3, 4], 160]
[17, [22, 4, 6, 1, 14], 40]
[8, [18, 19, 7, 5, 1], 80]
[17, [10, 1, 8, 12, 20], 120]
[23, [12, 15, 21, 4, 20], 120]
[12, [1, 14, 10, 11, 23], 40]
[14, [10, 7, 13, 21, 12], 120]
[15, [12, 22, 23, 3, 17], 120]
[10, [9, 6, 23, 21, 19], 40]
[5, [14, 1, 12, 17, 10], 120]
[4, [19, 13, 23, 7, 3], 40]
[23, [10, 20, 11, 9, 16], 80]
[5, [7, 4, 9, 17, 6], 120]
[16, [10, 2, 7, 19, 6], 120]
[6, [4, 2, 17, 9, 23], 120]
[2, [1, 18, 23, 12, 11], 80]
[11, [5, 15, 12, 23, 18], 120]
[22, [23, 5, 19, 8, 12], 160]
[24, [13, 17, 16, 22, 6], 160]
[9, [18, 8, 5, 20, 22], 40]
[23, [11, 10, 17, 2, 16], 80]
[19, [8, 23, 9, 14, 16], 120]
[13, [10, 21, 11, 12, 20], 80]
[20, [15, 10, 7, 22, 16], 160]
[1, [14, 9, 5, 16, 8], 120]
[13, [23, 9, 11, 10, 3], 80]
[2, [17, 4, 22, 3, 11], 120]
[14, [20, 11, 9, 7, 12], 120]
[2, [10, 20, 18, 4, 12], 40]
[7, [1, 4, 23, 21, 6], 80]
[5, [18, 3, 11, 10, 23], 40]
[23, [21, 6, 4, 5, 22], 80]
[11, [12, 5, 20, 17, 19], 120]
[1, [13, 4, 19, 16, 20], 160]
[5, [19, 10, 18, 15, 17], 120]
[8, [20, 3, 21, 15, 1], 40]
[24, [10, 2, 5, 15, 20], 160]
[14, [18, 7, 6, 22, 16], 120]
[22, [4, 12, 10, 11, 23], 80]
[22, [20, 3, 8, 19, 13], 40]
[20, [4, 13, 22, 11, 18], 160]
[12, [22, 18, 7, 4, 3], 40]
[24, [1, 6, 9, 21, 4], 120]
[12, [23, 8, 14, 5, 10], 120]
[7, [22, 10, 4, 9, 15], 120]
[23, [11, 12, 5, 17, 13], 40]
[14, [5, 17, 6, 16, 8], 80]
[7, [12, 2, 23, 13, 22], 120]
[16, [5, 21, 15, 6, 18], 80]
[1, [9, 6, 18, 12, 17], 80]
[9, [13, 10, 5, 4, 3], 40]
[6, [18, 10, 2, 8, 7], 40]
[1, [5, 8, 15, 10, 3], 120]
[12, [18, 1, 8, 21, 13], 80]
[22, [8, 12, 13, 9, 5], 160]
[11, [1, 7, 17, 4, 6], 160]
[23, [7, 17, 19, 8, 22], 40]
[10, [17, 4, 3, 2, 21], 40]
[3, [9, 2, 17, 6, 14], 80]
[4, [12, 23, 15, 8, 22], 80]
[13, [14, 11, 7, 4, 15], 120]
[11, [12, 3, 19, 6, 18], 160]
[14, [5, 3, 10, 20, 11], 120]
[13, [9, 4, 11, 19, 2], 80]
[3, [7, 5, 1, 23, 16], 80]
[6, [22, 16, 19, 3, 14], 80]
[14, [3, 6, 20, 17, 21], 120]
[5, [1, 2, 16, 19, 12], 40]
[3, [10, 11, 1, 22, 17], 120]
[2, [21, 19, 16, 14, 23], 120]
[7, [6, 11, 5, 21, 2], 160]
[18, [2, 4, 12, 10, 7], 160]
[24, [9, 17, 20, 1, 7], 80]
[4, [21, 18, 12, 11, 7], 80]
[23, [20, 7, 6, 17, 2], 40]
[21, [4, 8, 5, 23, 7], 160]
[14, [2, 8, 22, 16, 15], 120]
[20, [10, 8, 7, 4, 5], 120]
[11, [15, 23, 13, 10, 2], 40]
[5, [10, 23, 13, 16, 19], 40]
[7, [13, 17, 15, 18, 2], 40]
[18, [21, 19, 2, 13, 17], 80]
[6, [21, 12, 19, 10, 4], 40]
[15, [13, 14, 20, 4, 17], 80]
[6, [12, 10, 20, 18, 1], 160]
[21, [17, 22, 11, 18, 8], 40]
[13, [11, 17, 14, 7, 12], 40]
[10, [21, 22, 5, 3, 8], 40]
[1, [3, 2, 7, 13, 16], 160]
[1, [16, 7, 14, 5, 2], 120]
[3, [13, 19, 1, 4, 23], 120]
[18, [8, 13, 3, 12, 7], 120]
[7, [5, 13, 11, 2, 14], 40]
[14, [12, 8, 19, 15, 13], 160]
[20, [3, 15, 4, 8, 1], 160]
[3, [19, 4, 12, 16, 18], 80]
[22, [4, 17, 15, 18, 21], 80]
[1, [6, 19, 14, 17, 9], 40]
[19, [12, 6, 17, 15, 9], 160]
[8, [9, 1, 12, 11, 2], 120]
[8, [13, 20, 21, 14, 3], 40]
[2, [4, 5, 6, 21, 16], 120]
[13, [3, 19, 6, 18, 1], 160]
[13, [21, 7, 10, 20, 14], 160]
[11, [14, 23, 15, 10, 3], 160]
[23, [12, 5, 19, 13, 10], 120]
[11, [23, 17, 19, 1, 12], 80]
[17, [1, 2, 10, 6, 19], 120]
[19, [18, 8, 7, 12, 4], 40]
[15, [16, 2, 23, 5, 18], 160]
[12, [21, 4, 11, 23, 19], 40]
[8, [14, 9, 13, 22, 6], 80]
[14, [21, 1, 12, 17, 16], 160]
[17, [12, 10, 4, 23, 6], 80]
[23, [6, 8, 21, 2, 3], 80]
[14, [9, 22, 7, 1, 18], 160]
[8, [21, 10, 23, 1, 19], 120]
[23, [12, 17, 2, 8, 19], 80]
[23, [4, 22, 21, 6, 19], 40]
[6, [4, 8, 18, 20, 16], 80]
[3, [11, 21, 23, 2, 6], 40]
[21, [5, 8, 4, 2, 22], 40]
[3, [7, 9, 8, 12, 1], 80]
[16, [17, 13, 22, 10, 15], 80]
[6, [8, 15, 5, 2, 14], 120]
[15, [20, 7, 17, 18, 22], 160]
[14, [2, 18, 3, 1, 7], 40]
[10, [7, 5, 2, 20, 13], 40]
